##FastQC	0.10.1
>>Basic Statistics	pass
#Measure	Value	
Filename	SRR1027183_2.fastq	
File type	Conventional base calls	
Encoding	Illumina 1.5	
Total Sequences	61247419	
Filtered Sequences	0	
Sequence length	60	
%GC	54	
>>END_MODULE
>>Per base sequence quality	pass
#Base	Mean	Median	Lower Quartile	Upper Quartile	10th Percentile	90th Percentile
1	35.89203497701675	38.0	34.0	40.0	33.0	40.0
2	35.41021852692274	38.0	34.0	40.0	32.0	40.0
3	35.53565200845443	38.0	34.0	40.0	33.0	40.0
4	35.59303896544604	38.0	34.0	40.0	33.0	40.0
5	35.467512369786554	38.0	34.0	40.0	33.0	40.0
6	35.43989393251004	38.0	34.0	40.0	33.0	40.0
7	35.44527763692377	38.0	34.0	40.0	33.0	40.0
8	35.305958884569485	38.0	34.0	40.0	32.0	40.0
9	35.32653648637831	38.0	34.0	40.0	32.0	40.0
10	35.247687727053446	38.0	34.0	40.0	32.0	40.0
11	35.20060997182591	38.0	34.0	40.0	32.0	40.0
12	35.17708187834005	38.0	34.0	40.0	32.0	40.0
13	35.02270938143532	38.0	34.0	40.0	31.0	40.0
14	35.005899758812696	38.0	34.0	40.0	31.0	40.0
15	34.944455977810264	38.0	34.0	40.0	31.0	40.0
16	34.848364042899505	38.0	34.0	40.0	31.0	40.0
17	34.77581678992873	37.0	34.0	40.0	30.0	40.0
18	34.670694009163064	37.0	34.0	40.0	30.0	40.0
19	34.64199413856117	37.0	34.0	40.0	30.0	40.0
20	34.499787933920935	37.0	34.0	40.0	29.0	40.0
21	34.40651180746082	37.0	34.0	40.0	29.0	40.0
22	34.17976925688901	36.0	34.0	40.0	28.0	40.0
23	34.17953507559233	36.0	34.0	40.0	28.0	40.0
24	34.05795965051197	36.0	34.0	40.0	27.0	40.0
25	33.5714943188055	35.0	34.0	40.0	24.0	40.0
26	33.81360700277019	35.0	34.0	40.0	26.0	40.0
27	33.70903252266026	35.0	34.0	40.0	26.0	40.0
28	33.59999202578643	35.0	34.0	40.0	25.0	40.0
29	33.46710381379499	35.0	34.0	40.0	25.0	40.0
30	33.39870627038178	35.0	34.0	40.0	24.0	40.0
31	33.36608380183335	35.0	34.0	40.0	23.0	40.0
32	33.42597050497752	35.0	34.0	40.0	24.0	40.0
33	33.3148810074756	35.0	34.0	40.0	23.0	40.0
34	33.20596543015143	35.0	34.0	40.0	23.0	40.0
35	33.10450450165092	35.0	33.0	40.0	22.0	40.0
36	33.05635040719022	35.0	34.0	40.0	21.0	40.0
37	32.93036039608461	35.0	33.0	40.0	20.0	40.0
38	32.79880742403202	35.0	33.0	40.0	18.0	40.0
39	32.647388308722036	35.0	33.0	40.0	17.0	40.0
40	32.48161268640561	35.0	33.0	40.0	14.0	40.0
41	32.33003565423712	35.0	33.0	40.0	8.0	40.0
42	32.20829643449955	35.0	33.0	40.0	2.0	40.0
43	32.042213240038734	35.0	33.0	40.0	2.0	40.0
44	31.957113637719168	35.0	33.0	40.0	2.0	40.0
45	31.78580284338186	35.0	32.0	40.0	2.0	40.0
46	31.66871253791119	35.0	32.0	40.0	2.0	40.0
47	31.514148294150974	35.0	32.0	40.0	2.0	40.0
48	31.380330018478002	34.0	32.0	40.0	2.0	40.0
49	31.24093240565778	34.0	32.0	40.0	2.0	40.0
50	31.079428538858103	34.0	31.0	40.0	2.0	40.0
51	30.82727090916272	34.0	31.0	40.0	2.0	40.0
52	30.65701558787318	34.0	31.0	40.0	2.0	40.0
53	30.422977056388287	34.0	31.0	39.0	2.0	40.0
54	30.322572629550315	34.0	31.0	39.0	2.0	40.0
55	30.130533647466844	34.0	30.0	39.0	2.0	40.0
56	29.738438398522558	34.0	30.0	39.0	2.0	40.0
57	29.55551699247931	34.0	29.0	39.0	2.0	40.0
58	29.37813666891008	34.0	29.0	39.0	2.0	40.0
59	29.235699368817485	34.0	29.0	39.0	2.0	40.0
60	28.86484568435447	34.0	28.0	39.0	2.0	40.0
>>END_MODULE
>>Per sequence quality scores	pass
#Quality	Count
2	1811303.0
3	165788.0
4	130025.0
5	72385.0
6	125893.0
7	139440.0
8	129008.0
9	171968.0
10	174969.0
11	183433.0
12	197844.0
13	210331.0
14	248559.0
15	237807.0
16	280575.0
17	329710.0
18	280535.0
19	360172.0
20	370496.0
21	366541.0
22	461096.0
23	446194.0
24	502736.0
25	600783.0
26	614626.0
27	743921.0
28	854581.0
29	1021773.0
30	1248597.0
31	1612968.0
32	2594083.0
33	1.1520878E7
34	2893180.0
35	1699560.0
36	2286383.0
37	3403465.0
38	6406539.0
39	1.6343697E7
40	5577.0
>>END_MODULE
>>Per base sequence content	fail
#Base	G	A	T	C
1	36.51290992981283	9.721998480230068	9.859690810984347	43.905400778972755
2	29.626303058600033	14.530550529649888	28.35346527443912	27.489681137310956
3	26.57812856056369	16.78127537780585	19.241924615975627	37.39867144565483
4	31.8469660707135	22.680340518531796	18.58370413910872	26.888989271645986
5	31.579089293302847	25.33652827328733	19.858606703915346	23.225775729494476
6	27.82521536358344	29.007522190461867	20.646865862991476	22.52039658296322
7	22.9329845467741	18.50858117404524	34.37630519321227	24.182129085968388
8	24.438254271296884	19.765788239816608	27.1122965475503	28.683660941336203
9	26.14478979400388	18.54823038729437	27.596735748738194	27.71024406996355
10	26.600192393679478	30.139448096494885	20.8960985738681	22.364260935957535
11	29.01260937463605	25.221729569813817	18.056516455299985	27.709144600250145
12	27.8653815089908	21.035279877676366	22.786490545115022	28.31284806821781
13	26.39299801712497	22.602579602808472	24.988157202453067	26.016265177613494
14	26.840012837782197	24.005116064364866	23.61497008990506	25.53990100794788
15	27.23302181435766	22.982002141539258	23.891450607684398	25.893525436418685
16	27.790878439203233	22.984030312453967	23.195679002242336	26.029412246100463
17	27.178116184583384	23.421431377277486	24.11439924553378	25.286053192605358
18	26.718537365728164	23.252054864533946	23.612108709557074	26.41729906018082
19	27.057251420913857	23.70821304839129	23.361209083256337	25.873326447438515
20	25.993783885314393	23.657472290454738	23.340146740241067	27.008597083989805
21	26.80613556653372	22.543694963636398	23.17633103977043	27.473838430059455
22	26.65121202531765	23.032471264334887	23.05112343650344	27.265193273844023
23	26.13507743543435	23.2431624772883	23.072431273819678	27.54932881345767
24	26.528054033947296	24.007722128168687	22.73259910200603	26.73162473587799
25	27.869915140582975	23.2117967237049	22.04711304301874	26.871175092693385
26	27.49175632022806	23.4439954806918	22.23697908615892	26.827269112921222
27	27.34347387423818	24.099979395143155	22.50323213761298	26.053314593005688
28	26.47220264667885	24.484195466418583	22.151235335302495	26.892366551600073
29	26.902830763563802	23.578036867787873	22.66198286138903	26.857149507259297
30	27.51915416737129	22.50965261251123	22.604422186792114	27.36677103332537
31	27.314388361185664	22.430804354474486	23.121257174790237	27.13355010954961
32	27.70237174250204	22.43447185270402	22.700376135698974	27.162780269094966
33	27.030253068403436	23.054424951626455	22.74178625493996	27.173535725030153
34	27.652882532701312	24.02334252275598	22.32407976042942	25.999695184113293
35	27.19696147138552	23.248581380890155	23.256263858611295	26.29819328911303
36	26.85951561993072	23.10905344719694	22.76946404829337	27.261966884578975
37	27.28209529601856	23.054563713320032	22.665802782544823	26.997538208116584
38	26.44377299158338	22.795188404403177	22.846060910713327	27.91497769330012
39	27.150112315000957	22.897837415554413	21.773944924804887	28.178105344639743
40	27.204508842141646	22.487471966801913	21.487040226269205	28.820978964787237
41	28.45083178765083	22.820938581702706	21.24150160914084	27.48672802150562
42	26.858463642306862	22.905362459400365	22.289984431270344	27.946189467022425
43	27.33174455674886	22.696905682581445	22.518208379088794	27.4531413815809
44	28.08265620488698	21.956541457240604	22.322616863819768	27.63818547405265
45	26.822610552615917	23.457508944280566	22.567700191639794	27.152180311463724
46	27.77010832816228	22.910437674302855	22.129628571429976	27.189825426104893
47	28.566906386992265	22.882362598879443	21.689760875793986	26.860970138334313
48	28.277223423446745	22.804529045687364	21.634345055044758	27.283902475821137
49	27.75147847103015	22.851497125883068	21.922363884400824	27.474660518685955
50	28.191188188883103	22.675371341861492	22.192999868077802	26.940440601177603
51	26.670244058543513	22.955289976594386	22.214680311629518	28.159785653232582
52	28.110171206396473	22.48954689572516	21.589189852205838	27.811092045672538
53	26.880086564986357	23.627562086450784	21.931866016732183	27.560485331830677
54	26.91002434983858	23.281953003990864	21.7270216115648	28.08100103460575
55	27.90591913161451	22.37510648487431	22.527699875567265	27.19127450794392
56	27.126203043535046	21.974882712725183	22.061201180808023	28.837713062931748
57	28.053759539917994	21.943956907167696	22.505768094584173	27.49651545833014
58	27.831567717067912	22.165582797924436	21.874582510427818	28.128266974579834
59	28.002341709506744	22.185180294251175	21.670316861955055	28.142161134287026
60	28.677851969267685	21.871065919635015	21.680052999746056	27.771029111351243
>>END_MODULE
>>Per base GC content	fail
#Base	%GC
1	80.41831070878558
2	57.11598419591098
3	63.976800006218525
4	58.73595534235948
5	54.80486502279732
6	50.34561194654666
7	47.11511363274249
8	53.121915212633084
9	53.855033863967435
10	48.96445332963702
11	56.721753974886205
12	56.17822957720862
13	52.409263194738465
14	52.37991384573007
15	53.12654725077635
16	53.820290685303696
17	52.46416937718874
18	53.13583642590898
19	52.930577868352366
20	53.0023809693042
21	54.27997399659317
22	53.916405299161674
23	53.68440624889202
24	53.25967876982528
25	54.74109023327636
26	54.31902543314928
27	53.39678846724387
28	53.36456919827892
29	53.75998027082309
30	54.88592520069666
31	54.44793847073528
32	54.865152011597004
33	54.20378879343358
34	53.6525777168146
35	53.49515476049855
36	54.121482504509686
37	54.27963350413515
38	54.358750684883496
39	55.3282176596407
40	56.02548780692887
41	55.937559809156454
42	54.80465310932928
43	54.784885938329765
44	55.72084167893963
45	53.97479086407964
46	54.959933754267176
47	55.42787652532657
48	55.561125899267886
49	55.2261389897161
50	55.1316287900607
51	54.8300297117761
52	55.92126325206901
53	54.44057189681703
54	54.991025384444335
55	55.09719363955843
56	55.96391610646679
57	55.55027499824813
58	55.95983469164775
59	56.144502843793774
60	56.44888108061893
>>END_MODULE
>>Per sequence GC content	fail
#GC Content	Count
0	21744.0
1	15099.0
2	8454.0
3	8083.5
4	7121.5
5	6530.0
6	6285.5
7	6041.0
8	5876.0
9	5858.5
10	6006.0
11	6425.5
12	6845.0
13	7803.0
14	10725.0
15	12689.0
16	16813.5
17	20938.0
18	27814.5
19	46174.0
20	57657.0
21	76141.5
22	94626.0
23	120419.0
24	183009.5
25	219807.0
26	265867.5
27	311928.0
28	367708.5
29	487529.0
30	551569.0
31	624526.0
32	697483.0
33	772592.5
34	937748.0
35	1027794.0
36	1117042.0
37	1206290.0
38	1318159.5
39	1565289.0
40	1700549.0
41	1823754.5
42	1946960.0
43	2066239.5
44	2435749.5
45	2685980.0
46	3109484.0
47	3532988.0
48	3481530.5
49	3113980.0
50	2797887.0
51	2869081.0
52	2940275.0
53	3056435.5
54	2992340.5
55	2812085.0
56	2771613.0
57	2731141.0
58	2715782.5
59	2613097.0
60	2525770.0
61	2707948.5
62	2890127.0
63	2426776.0
64	1837028.0
65	1710631.0
66	1564496.5
67	1418362.0
68	1312464.0
69	1208842.0
70	1211118.0
71	1272129.0
72	1333140.0
73	1245882.0
74	995076.5
75	831529.0
76	880135.0
77	928741.0
78	867263.0
79	796254.5
80	786724.0
81	682695.5
82	578667.0
83	535138.0
84	444191.5
85	396774.0
86	347610.5
87	298447.0
88	278613.0
89	225630.5
90	192482.0
91	161500.5
92	130519.0
93	118742.5
94	98009.5
95	89053.0
96	83014.0
97	76975.0
98	59730.5
99	29710.0
100	16934.0
>>END_MODULE
>>Per base N content	pass
#Base	N-Count
1	0.5027673084477241
2	0.735946113908898
3	0.22799981171451486
4	0.15842626772566532
5	0.1562874020862822
6	0.15513959861720866
7	0.19041292172654656
8	0.17083332115594943
9	0.18975166937238613
10	0.25472910131935517
11	0.18382325629101204
12	0.19656828314675595
13	0.21242201242798495
14	0.22905618275930942
15	0.6326078818113136
16	0.24559238977890646
17	0.24996971709126226
18	0.2664961277796865
19	0.30111962758789884
20	0.30599330234634053
21	0.2537641626988396
22	0.2623784032434085
23	0.25577077786739066
24	0.24366087981601314
25	0.3898139773040885
26	0.1300462963182171
27	0.12633185408188383
28	0.12106469335467018
29	0.10933521949716772
30	0.1015063181682807
31	0.10180837171277374
32	0.16425835021717405
33	0.10817272153133507
34	0.10277004488956505
35	0.09179652125422624
36	0.09940010696614007
37	0.10837028087665211
38	0.11585141244890662
39	0.16505185304216657
40	0.19284241185738782
41	0.19706952875842818
42	0.16931652254603577
43	0.15120147348576435
44	0.15018755320938504
45	0.14860871116871063
46	0.13851685733891905
47	0.17561719621197425
48	0.08866822616639569
49	0.07540889192408255
50	0.08532277907090256
51	0.08185651055761223
52	0.08640037549990473
53	0.06567460418209624
54	0.12771966766468967
55	0.08507787079158388
56	0.054539441082407075
57	0.04413083921136334
58	0.04217320569867605
59	0.04996618714659633
60	0.0670852758709718
>>END_MODULE
>>Sequence Length Distribution	pass
#Length	Count
60	6.1247419E7
>>END_MODULE
>>Sequence Duplication Levels	fail
#Total Duplicate Percentage	71.3614110986365
#Duplication Level	Relative count
1	100.0
2	13.755329511521326
3	5.166632068089999
4	2.9653641633265733
5	2.108650176452741
6	1.619213388052313
7	1.3461507752742603
8	1.1465436021908884
9	0.9341615700301806
10++	30.643693211759256
>>END_MODULE
>>Overrepresented sequences	warn
#Sequence	Count	Percentage	Possible Source
CTCGATCAGAAGGACTTGGGCCCCCCACGAGCGGCGCCGGGGAGCGGGTCTTCCGTACGC	139733	0.22814512396024395	No Hit
CTGCCAGTAGCATATGCTTGTCTCAAAGATTAAGCCATGCATGTCTAAGTACGCACGGCC	126544	0.20661115532068378	No Hit
GGCGGGAGTAACTATGACTCTCTTAAGGTAGCCAAATGCCTCGTCATCTAATTAGTGACG	103252	0.16858179770807974	No Hit
GCTGGATAGTAGGTAGGGACAGTGGGAATCTCGTTCATCCATTCATGCGCGTCACTAATT	86385	0.14104267805962567	No Hit
CCTGCCAGTAGCATATGCTTGTCTCAAAGATTAAGCCATGCATGTCTAAGTACGCACGGC	84570	0.13807928787986967	No Hit
ATCAGACGTGGCGACCCGCTGAATTTAAGCATATTAGTCAGCGGAGGAAAAGAAACTAAC	80893	0.13207576959283787	No Hit
GTCAAAGTGAAGAAATTCAATGAAGCGCGGGTAAACGGCGGGAGTAACTATGACTCTCTT	79662	0.1300658889805626	No Hit
CAGACGTGGCGACCCGCTGAATTTAAGCATATTAGTCAGCGGAGGAAAAGAAACTAACCA	76313	0.1245979034643076	No Hit
CGCGTAACTAGTTAGCATGCCAGAGTCTCGTTCGTTATCGGAATTAACCAGACAAATCGC	76249	0.12449340926513164	No Hit
CGGTAACGCAGGTGTCCTAAGGCGAGCTCAGGGAGGACAGAAACCTCCCGTGGAGCAGAA	69990	0.11427420313009434	No Hit
GCCCGTTCCCTTGGCTGTGGTTTCGCTGGATAGTAGGTAGGGACAGTGGGAATCTCGTTC	66717	0.10893030447536084	No Hit
CTCTCATGTCTCTTCACCGTGCCAGACTAGAGTCAAGCTCAACAGGGTCTTCTTTCCCCG	64974	0.10608447026967782	No Hit
GTTGGTTTTGATCTGATAAATGCACGCATCCCCCCCGCGAAGGGGGTCAGCGCCCGTCGG	64851	0.1058836454806365	No Hit
GCTGAATTTAAGCATATTAGTCAGCGGAGGAAAAGAAACTAACCAGGATTCCCTCAGTAA	64304	0.1049905466220544	No Hit
GCCCTCTTGAACTCTCTCTTCAAAGTTCTTTTCAACTTTCCCTTACGGTACTTGTTGACT	64259	0.10491707413825878	No Hit
CCTCACCCGGCCCGGACACGGACAGGATTGACAGATTGATAGCTCTTTCTCGATTCCGTG	62841	0.10260187453776624	No Hit
GCGAATGATTAGAGGTCTTGGGGCCGAAACGATCTCAACCTATTCTCAAACTTTAAATGG	62644	0.1022802283309277	No Hit
CCGACATCGAAGGATCAAAAAGCGACGTCGCTATGAACGCTTGGCCGCCACAAGCCAGTT	61808	0.10091527285419162	No Hit
>>END_MODULE
>>Kmer Content	warn
#Sequence	Count	Obs/Exp Overall	Obs/Exp Max	Max Obs/Exp Position
AAAAA	7634710	3.8072622	5.7705417	17
TTTTT	6820845	3.4624517	4.8207955	12
CCCCC	17969115	3.4063976	5.0433035	42
GGGGG	18047620	3.3350544	5.1327996	50
TTTAA	5962990	3.005519	8.300772	7
AAGAA	6643695	2.7164545	5.39735	50
TTTCT	6228550	2.596433	5.629949	34
TTAAA	5118450	2.5706847	7.563246	7
AAAGA	6138965	2.510082	5.0984035	25
AGAAA	6121435	2.5029144	5.006586	51
TTCTT	5760565	2.4013486	5.6232357	50
AATTT	4514340	2.2753575	6.636886	5
TCAAA	5379095	2.2185242	5.546679	2
ATTTA	4355505	2.1953	8.160472	6
ATTAA	4303930	2.161601	6.276606	6
AAAAT	4303410	2.1536644	5.0889482	3
TAAAT	4176245	2.0974727	5.046768	3
TTGAA	5068500	2.0871916	5.5167255	7
CCCGG	11025225	2.068816	6.1981435	1
AATTA	4060530	2.039356	5.1980443	5
AAATT	4052415	2.0352805	5.584212	4
TAAAA	4064215	2.0339577	5.13109	8
GCGGG	10557330	1.9608946	5.1146703	2
TTAAG	4758145	1.9593885	6.6502066	23
TTCAT	4467120	1.85555	5.2872396	42
AACTA	4489010	1.8514225	6.643682	6
ATTCC	5406805	1.8442953	5.016463	48
ATTAG	4162945	1.714287	5.2054477	31
ATATT	3221765	1.6238625	5.523752	31
ACTAA	3719160	1.5339098	5.600637	55
CTCCC	6588685	1.5209774	5.2238665	1
GAATT	3682160	1.5163015	5.123041	21
GATTC	4438825	1.5064011	5.0046997	47
TCAGA	4225635	1.428958	5.0684114	2
AGATT	3093085	1.2737223	5.433798	27
TAACT	3053740	1.2639563	5.003717	9
AAGGA	3611950	1.2108966	5.519297	10
CAGAC	3810750	1.0582362	5.037047	3
>>END_MODULE
