##FastQC	0.10.1
>>Basic Statistics	pass
#Measure	Value	
Filename	SRR1027176_2.fastq	
File type	Conventional base calls	
Encoding	Illumina 1.5	
Total Sequences	48256786	
Filtered Sequences	0	
Sequence length	60	
%GC	57	
>>END_MODULE
>>Per base sequence quality	pass
#Base	Mean	Median	Lower Quartile	Upper Quartile	10th Percentile	90th Percentile
1	34.61269855394016	35.0	34.0	38.0	33.0	38.0
2	34.38253931788992	34.0	34.0	38.0	33.0	38.0
3	34.341919082634305	34.0	34.0	38.0	33.0	38.0
4	34.31772285870841	34.0	34.0	38.0	33.0	38.0
5	34.295759294868915	34.0	34.0	38.0	33.0	38.0
6	34.259455074359906	34.0	34.0	38.0	33.0	38.0
7	34.19609666918141	34.0	34.0	38.0	33.0	38.0
8	34.151255120886006	34.0	34.0	38.0	33.0	38.0
9	34.08324213717839	34.0	34.0	38.0	33.0	38.0
10	34.00810540925788	34.0	34.0	38.0	32.0	38.0
11	33.92354787158846	34.0	34.0	38.0	32.0	38.0
12	33.806484750144776	34.0	34.0	38.0	32.0	38.0
13	33.743935433246634	34.0	34.0	38.0	32.0	38.0
14	33.65049437813782	34.0	34.0	38.0	32.0	38.0
15	33.57417622052161	34.0	34.0	38.0	31.0	38.0
16	33.391441672058306	34.0	34.0	38.0	31.0	38.0
17	33.25226101879226	34.0	34.0	38.0	30.0	38.0
18	33.22204655320394	34.0	34.0	38.0	30.0	38.0
19	33.144102054372205	34.0	34.0	38.0	30.0	38.0
20	33.05498478493781	34.0	34.0	38.0	30.0	38.0
21	32.923169790047766	34.0	34.0	38.0	29.0	38.0
22	32.837344036960936	34.0	34.0	38.0	28.0	38.0
23	32.77945878948507	34.0	34.0	38.0	28.0	38.0
24	32.71843721627047	34.0	34.0	38.0	28.0	38.0
25	32.63534531702961	34.0	34.0	38.0	28.0	38.0
26	32.48613751442129	34.0	34.0	38.0	26.0	38.0
27	32.4253056140125	34.0	34.0	38.0	26.0	38.0
28	32.36499558839248	34.0	34.0	38.0	25.0	38.0
29	32.29785937256576	34.0	34.0	38.0	25.0	38.0
30	32.2017081701214	34.0	34.0	38.0	25.0	38.0
31	32.03639566878739	34.0	34.0	38.0	22.0	38.0
32	31.93923907406515	34.0	34.0	38.0	21.0	38.0
33	31.81325335259584	34.0	34.0	37.0	20.0	38.0
34	31.724215160122764	34.0	34.0	37.0	18.0	38.0
35	31.56458057525837	34.0	34.0	37.0	14.0	38.0
36	31.345809105480004	34.0	34.0	37.0	2.0	38.0
37	31.227975066553334	34.0	33.0	37.0	2.0	38.0
38	31.15891505911728	34.0	33.0	37.0	2.0	38.0
39	31.06086787462389	34.0	33.0	37.0	2.0	38.0
40	30.897742112373585	34.0	33.0	37.0	2.0	38.0
41	30.652969511894142	34.0	33.0	37.0	2.0	38.0
42	30.50802863249119	34.0	33.0	37.0	2.0	38.0
43	30.438891081556903	34.0	33.0	37.0	2.0	38.0
44	30.320504063407785	34.0	33.0	37.0	2.0	38.0
45	30.163807407314692	34.0	32.0	36.0	2.0	38.0
46	29.858650926317388	34.0	32.0	36.0	2.0	38.0
47	29.76021434581242	34.0	32.0	36.0	2.0	38.0
48	29.62325081077716	34.0	32.0	36.0	2.0	38.0
49	29.4832812321981	34.0	32.0	36.0	2.0	38.0
50	29.33979739139693	34.0	32.0	36.0	2.0	38.0
51	28.7164343684223	34.0	31.0	36.0	2.0	38.0
52	28.595281293702403	34.0	30.0	36.0	2.0	38.0
53	28.404993838586762	34.0	30.0	36.0	2.0	38.0
54	28.21657049435493	34.0	30.0	36.0	2.0	38.0
55	28.025383600971686	34.0	30.0	36.0	2.0	38.0
56	27.55811338119368	34.0	29.0	35.0	2.0	38.0
57	27.38234912702226	34.0	28.0	35.0	2.0	37.0
58	27.08320527189689	34.0	27.0	35.0	2.0	37.0
59	26.935723713551912	34.0	27.0	35.0	2.0	37.0
60	26.592634246300612	34.0	25.0	34.0	2.0	37.0
>>END_MODULE
>>Per sequence quality scores	pass
#Quality	Count
2	1486830.0
3	100692.0
4	139633.0
5	97604.0
6	164012.0
7	192497.0
8	169208.0
9	258724.0
10	220732.0
11	170309.0
12	205361.0
13	192516.0
14	193969.0
15	217947.0
16	230678.0
17	246319.0
18	238352.0
19	280175.0
20	283822.0
21	307973.0
22	378818.0
23	361913.0
24	415587.0
25	479925.0
26	440020.0
27	536321.0
28	610928.0
29	677016.0
30	911013.0
31	1183335.0
32	1833023.0
33	1.2572267E7
34	5787904.0
35	2128476.0
36	4171345.0
37	1.0369773E7
38	1769.0
>>END_MODULE
>>Per base sequence content	fail
#Base	G	A	T	C
1	34.58190253955285	7.822568292680949	15.256154348410957	42.33937481935524
2	33.51405130365381	14.867707804257972	24.233844531803438	27.38439636028478
3	36.32310989677086	18.879161666393575	18.18825756434475	26.60947087249082
4	35.347757720917045	25.326777942784574	14.52437199459761	24.80109234170077
5	34.922156979026106	26.29726980049173	17.68472345952515	21.095849760957023
6	27.854436461229444	29.337782712978665	17.658071831820298	25.149708993971597
7	24.31318658774767	13.949790050394927	35.7872683790639	25.949754982793504
8	24.61676199074026	18.412978821070503	22.920095136826912	34.050164051362316
9	27.252799730132477	16.603624184550167	25.046200688212032	31.09737539710532
10	27.21929211201427	32.36990495526408	17.90757938225387	22.503223550467773
11	30.869114754035703	20.63810755603877	16.4458104021131	32.04696728781243
12	28.43881531420666	17.677160046358324	23.543303997387337	30.340720642047682
13	27.198611269252865	20.563945222148703	24.946527314129014	27.29091619446942
14	28.570017184994924	20.94747576132984	23.60335693099635	26.87915012267889
15	28.94740678716776	21.54735093790909	22.24019368054382	27.265048594379326
16	28.283665127307874	21.081742373462255	22.721630681726857	27.912961817503017
17	27.95504095358877	22.059585513472033	22.55810400629427	27.427269526644928
18	27.293649525106332	22.0439628092054	22.512513042648013	28.14987462304025
19	28.664740078609345	20.705887610408244	22.588567999923914	28.040804311058498
20	28.223758860226184	20.87886491423318	22.42015211154664	28.477224113993994
21	28.662432522374054	20.683574646725315	22.27336781984451	28.38062501105612
22	28.820079205121868	21.308136857587822	22.622218625370007	27.24956531192031
23	28.792428869902526	22.06674794582683	21.940684541520213	27.20013864275043
24	28.754395751751787	22.34139646710046	22.099754983838718	26.804452797309033
25	28.823510073037728	22.5224812670559	22.057540521544503	26.596468138361868
26	28.907456410116243	22.438386222543215	22.130436240078822	26.52372112726172
27	29.64714025756161	21.7168030067579	22.100970960965423	26.535085774715068
28	27.267179388884998	22.769235395856136	21.782332111767378	28.18125310349149
29	28.440250955444522	21.405642208130235	20.984658569454925	29.169448266970317
30	28.90101421796065	21.625913702576817	21.72386604174348	27.74920603771904
31	29.2389423803608	21.568730381614106	21.74229280607911	27.450034431945987
32	29.451648840582056	22.165400668335156	21.669773477494672	26.71317701358812
33	27.925555477831914	22.442535875673013	21.804608865316546	27.827299781178528
34	29.338006528387634	22.434803638645725	21.619899211833832	26.60729062113281
35	28.321476516964044	23.123767931715534	21.17098323292019	27.383772318400233
36	27.896602811937765	22.27326707562388	21.71686251030824	28.113267602130115
37	27.78305121149316	21.904882058071713	22.794460204299803	27.51760652613533
38	27.35972979992431	21.73998490672388	22.221831716219835	28.678453577131975
39	28.236623436060484	22.493308959100336	20.869436556852154	28.400631047987023
40	28.533856481126662	22.33590636491611	20.697619402334986	28.432617751622235
41	29.55638086263319	21.371935885451137	20.606551056512362	28.46513219540331
42	28.793074664847424	22.201608582764845	21.60467043957769	27.40064631281004
43	29.8067699065797	21.215098511032167	21.470815497341256	27.507316085046874
44	29.83897712829319	21.857644858687998	20.583991567770767	27.71938644524804
45	29.750885049060035	22.335912169293362	20.719531920435124	27.193670861211483
46	29.764213337860884	21.892746639443704	19.94757090673804	28.395469115957372
47	30.369601783739697	21.227368035121387	20.65109144531975	27.751938735819166
48	29.598633152401533	20.901586660749487	20.872776310333506	28.627003876515477
49	28.537303691064043	21.21903072369249	20.81776831800633	29.42589726723714
50	29.800180435849473	21.516316532026387	20.197983413725513	28.48551961839863
51	28.016982107003784	21.990562821242555	20.591506547448333	29.40094852430533
52	28.97196477546563	22.114544950676056	20.59314292767787	28.320347346180448
53	27.335435146654085	22.652738590662747	21.189182151678285	28.822644111004887
54	28.552977494125287	21.73480891315378	20.744108106345056	28.96810548637588
55	28.882246908779948	20.861213370767807	21.099746307288246	29.156793413164
56	27.597839812468884	21.723284344103106	20.83176223225702	29.84711361117099
57	28.498293707054824	21.067018996407764	21.519573659544974	28.91511363699244
58	28.112883013489938	21.566989696071378	21.763805935805873	28.556321354632814
59	28.251151163189732	22.66875029616323	20.243113878452927	28.836984662194116
60	28.838808417450334	22.642807920483275	19.7176466495957	28.800737012470695
>>END_MODULE
>>Per base GC content	fail
#Base	%GC
1	76.92127735890809
2	60.89844766393859
3	62.93258076926168
4	60.14885006261782
5	56.018006739983115
6	53.004145455201034
7	50.26294157054117
8	58.66692604210259
9	58.350175127237804
10	49.72251566248204
11	62.91608204184813
12	58.779535956254335
13	54.48952746372229
14	55.44916730767381
15	56.21245538154709
16	56.19662694481089
17	55.3823104802337
18	55.44352414814659
19	56.705544389667836
20	56.70098297422018
21	57.04305753343017
22	56.06964451704217
23	55.992567512652954
24	55.558848549060826
25	55.4199782113996
26	55.43117753737796
27	56.18222603227668
28	55.44843249237649
29	57.60969922241483
30	56.6502202556797
31	56.68897681230678
32	56.164825854170175
33	55.752855259010445
34	55.94529714952044
35	55.70524883536427
36	56.00987041406788
37	55.30065773762849
38	56.038183377056285
39	56.6372544840475
40	56.9664742327489
41	58.0215130580365
42	56.19372097765747
43	57.31408599162657
44	57.558363573541236
45	56.94455591027152
46	58.15968245381825
47	58.12154051955887
48	58.225637028917006
49	57.96320095830119
50	58.2857000542481
51	57.41793063130911
52	57.29231212164607
53	56.15807925765897
54	57.52108298050117
55	58.03904032194394
56	57.444953423639866
57	57.413407344047265
58	56.66920436812275
59	57.088135825383844
60	57.63954542992102
>>END_MODULE
>>Per sequence GC content	warn
#GC Content	Count
0	66828.0
1	43667.5
2	20507.0
3	13299.5
4	5907.5
5	5723.0
6	5443.5
7	5164.0
8	5119.5
9	5217.0
10	5359.0
11	5933.5
12	6508.0
13	7912.5
14	11703.5
15	14090.0
16	18500.5
17	22911.0
18	29846.5
19	47560.0
20	58338.0
21	73329.5
22	88321.0
23	107175.5
24	149430.0
25	172830.0
26	199726.0
27	226622.0
28	256395.5
29	320184.0
30	354199.0
31	392627.5
32	431056.0
33	472555.0
34	558684.5
35	603315.0
36	662800.5
37	722286.0
38	812897.5
39	993415.5
40	1083322.0
41	1154569.0
42	1225816.0
43	1365087.5
44	1610182.0
45	1716005.0
46	2010140.5
47	2304276.0
48	2205750.5
49	2099730.5
50	2092236.0
51	2134445.5
52	2176655.0
53	2468533.5
54	2534567.0
55	2308722.0
56	2286338.5
57	2263955.0
58	2284255.0
59	2319007.0
60	2333459.0
61	2226608.5
62	2119758.0
63	1966379.0
64	1736678.5
65	1660357.0
66	1402287.5
67	1144218.0
68	1056063.0
69	977177.0
70	986446.0
71	1004952.5
72	1023459.0
73	1149318.0
74	1054021.5
75	832866.0
76	879856.5
77	926847.0
78	813587.5
79	690055.5
80	679783.0
81	618378.0
82	556973.0
83	541226.5
84	481793.0
85	438106.0
86	388121.0
87	338136.0
88	327072.0
89	305336.0
90	294664.0
91	250770.5
92	206877.0
93	195861.5
94	168686.0
95	152526.0
96	142821.5
97	133117.0
98	106373.0
99	53912.0
100	28195.0
>>END_MODULE
>>Per base N content	pass
#Base	N-Count
1	0.2777288151763775
2	0.21712386730438285
3	0.20428836682161136
4	0.22783738643514304
5	0.2231893354853761
6	0.23011893083803797
7	0.2511294473693296
8	0.25000007252865947
9	0.2375748770338746
10	0.22704371567555287
11	0.23641649072940746
12	0.27820750432902847
13	0.24782628499129636
14	0.2438973038942129
15	0.21912773055379198
16	0.2115847499665643
17	0.18082223710464265
18	0.1841088215033633
19	0.2096865713352729
20	0.20781325967295047
21	0.19357691993826526
22	0.1890179756273035
23	0.2040749253379618
24	0.21560490994986695
25	0.21949037385125483
26	0.22594128005126576
27	0.21204686113990268
28	0.2225324330551148
29	0.23734485757091242
30	0.22985782766386473
31	0.2061326670201368
32	0.20435053424403357
33	0.1962273243808653
34	0.19394577997797036
35	0.18296079643596655
36	0.18694780046064402
37	0.19912847076056828
38	0.17752321922143757
39	0.19685728759474366
40	0.2549548160957093
41	0.23937151554187633
42	0.26284593424850133
43	0.27779305484621375
44	0.2989051115007949
45	0.3064252973664678
46	0.30748421579505936
47	0.36518801728735106
48	0.4240046156410002
49	0.397311996700319
50	0.4025858663691362
51	0.4927265566339209
52	0.41362058384907774
53	0.39380368182829245
54	0.3790927974357845
55	0.39122166155035687
56	0.3842029595588898
57	0.38524737225558287
58	0.4855814475501953
59	0.4242657188151735
60	0.39209822220650997
>>END_MODULE
>>Sequence Length Distribution	pass
#Length	Count
60	4.8256786E7
>>END_MODULE
>>Sequence Duplication Levels	fail
#Total Duplicate Percentage	64.38900141164918
#Duplication Level	Relative count
1	100.0
2	20.53997690491374
3	7.433515451302115
4	4.019234415125558
5	2.7843367056755315
6	2.1078574998707365
7	1.6313059064821358
8	1.3762258492614743
9	1.2047362161975836
10++	31.25420106513159
>>END_MODULE
>>Overrepresented sequences	warn
#Sequence	Count	Percentage	Possible Source
CCGGTATTTAGCCTTAGATGGAGTTTACCACCCGCTTTGGGCTGCATTCCCAAGCAACCC	162197	0.3361123138204853	No Hit
CCGGCTTCTCCGGGATCGGTCGCGTTACCGCACTGGACGCCTCGCGGCGCCCATCTCCGC	143672	0.297723930474773	No Hit
GAAGAAACTAACCAGGATTCCCTCAGTAACGGCGAGTGAACAGGGAAGAGCCCAGCGCCG	124304	0.25758864255899677	No Hit
CGGGTGTTGACGCGATGTGATTTCTGCCCAGTGCTCTGAATGTCAAAGTGAAGAAATTCA	82951	0.17189499524481386	No Hit
GCCGCCGCAGGTGCAGATCTTGGTGGTAGTAGCAAATATTCAAACGAGAACTTTGAAGGC	82476	0.17091067772312893	No Hit
CGGAGATGGGCGCCGCGAGGCGTCCAGTGCGGTAACGCGACCGATCCCGGAGAAGCCGGC	79984	0.16574663716725768	No Hit
CAAATATTCAAACGAGAACTTTGAAGGCCGAAGTGGAGAAGGGTTCCATGTGAACAGCAG	78701	0.16308794373500135	No Hit
CGCAGGTGCAGATCTTGGTGGTAGTAGCAAATATTCAAACGAGAACTTTGAAGGCCGAAG	78016	0.16166845425636098	No Hit
GGAGAGTTCTCTTTTCTTTGTGAAGGGCAGGGCGCCCTGGAATGGGTTCGCCCCGAGAGA	70943	0.14701144829661883	No Hit
CGGTATTTAGCCTTAGATGGAGTTTACCACCCGCTTTGGGCTGCATTCCCAAGCAACCCG	68349	0.1416360385045121	No Hit
CGGGGCTCCCGCCGGCTTCTCCGGGATCGGTCGCGTTACCGCACTGGACGCCTCGCGGCG	65461	0.13565138797266774	No Hit
GCGGGAGTAACTATGACTCTCTTAAGGTAGCCAAATGCCTCGTCATCTAATTAGTGACGC	63627	0.13185088621525687	No Hit
CCGGGATCGGTCGCGTTACCGCACTGGACGCCTCGCGGCGCCCATCTCCGCCACTCCGGA	61170	0.12675937431887818	No Hit
AAGAAACTAACCAGGATTCCCTCAGTAACGGCGAGTGAACAGGGAAGAGCCCAGCGCCGA	60383	0.12512851560400232	No Hit
CTTAGATGGAGTTTACCACCCGCTTTGGGCTGCATTCCCAAGCAACCCGACTCCGGGAAG	60275	0.12490471288328236	No Hit
CCGCCACGCAGTTTTATCCGGTAAAGCGAATGATTAGAGGTCTTGGGGCCGAAACGATCT	59213	0.12270398612953626	No Hit
CCGACATCGAAGGATCAAAAAGCGACGTCGCTATGAACGCTTGGCCGCCACAAGCCAGTT	57938	0.12006187067659252	No Hit
CTTAGAGCCAATCCTTATCCCGAAGTTACGGATCCGGCTTGCCGACTTCCCTTACCTACA	57889	0.11996033055330291	No Hit
CTTCACCGTGCCAGACTAGAGTCAAGCTCAACAGGGTCTTCTTTCCCCGCTGATTCCGCC	55106	0.11419326599993625	No Hit
CGGCAGGTGAGTTGTTACACACTCCTTAGCGGATTCCGACTTCCATGGCCACCGTCCTGC	54462	0.1128587386652729	No Hit
CCGGGCCGTACCCATATCCGCAGCAGGTCTCCAAGGTGAACAGCCTCTGGCATGTTGGAA	54120	0.11215003004965976	No Hit
GCCGGCTTCTCCGGGATCGGTCGCGTTACCGCACTGGACGCCTCGCGGCGCCCATCTCCG	52878	0.10957629876138042	No Hit
CGCGATGTGATTTCTGCCCAGTGCTCTGAATGTCAAAGTGAAGAAATTCAATGAAGCGCG	49531	0.10264048666647631	No Hit
>>END_MODULE
>>Kmer Content	fail
#Sequence	Count	Obs/Exp Overall	Obs/Exp Max	Max Obs/Exp Position
GGGGG	33945485	6.1315684	11.092939	43
AAAAA	7047870	5.7391906	10.707437	2
TTTTT	6072575	5.0077057	6.5107822	2
CCCCC	21196905	4.4829755	7.428662	56
TTTTC	4801390	3.0160494	6.230035	12
TCTTT	4737890	2.9761615	6.5023184	10
TTTCT	4731595	2.9722068	5.6438513	13
TTCTT	4715650	2.962191	5.087859	39
TCAAA	4701390	2.9309871	7.131006	15
TTTAA	3496475	2.8688447	13.229327	56
TTCAA	4454910	2.7843335	9.202348	7
TTAAA	3344240	2.7370293	5.9168687	56
CTTTT	4346035	2.7300131	7.0433574	11
AAGAA	4384220	2.641706	8.751198	2
ATTTA	3156865	2.5901964	14.377414	6
GAAGA	5789425	2.5812314	6.796019	45
AGAAA	4159300	2.5061805	7.14477	3
TTTTA	2979325	2.450694	5.9847574	12
AAAAT	2969925	2.4245596	6.7708507	3
GTGAA	5413520	2.419724	7.6626678	36
AAATA	2927410	2.3898518	6.4451203	34
AAACT	3761695	2.345153	7.696288	5
ACTTT	3692215	2.3134701	7.4944816	18
ATTCC	4778085	2.280533	6.5036945	5
TTTCA	3617635	2.2667394	6.094185	6
AAATT	2745655	2.247129	5.8707514	54
TATTT	2716935	2.2348614	10.561196	5
TTCCC	6057150	2.2077558	6.348097	47
CTTTG	4709225	2.1833618	6.0973997	35
TTGAA	3574240	2.1645374	5.884231	2
ATATT	2625945	2.1545782	6.900972	36
TCTCT	4487395	2.1471946	6.052596	8
TGAAG	4723355	2.1112356	5.5636044	49
AACTT	3337160	2.085736	5.953275	17
GGGAA	6259055	2.064903	5.0401635	43
CCTTA	4266330	2.0362773	6.03808	12
AGTTT	3320670	2.016052	8.147701	22
ATTCA	3213450	2.008417	6.437597	6
TGAAC	4289660	1.9788364	7.0178933	37
CGGGG	10484105	1.9544375	6.297286	1
TTCTC	4049010	1.9374298	7.6959953	6
TTAGA	3175845	1.9232717	7.400545	14
GAGAG	5826280	1.9221275	8.287557	7
TTACC	4023525	1.9203889	10.941917	25
CTTCT	3990270	1.909323	7.186728	5
TTTAT	2308230	1.8986738	5.3289313	13
GATTT	3109545	1.8878734	5.9489055	3
CAAAT	3023595	1.8849996	6.4061384	33
AATAT	2257500	1.8476077	6.341791	3
AAGAG	4132710	1.8425804	5.593695	46
CGGCG	9545040	1.8364074	5.9474025	1
AACCA	3838685	1.822954	6.8206396	10
CCGGG	9449870	1.8180974	6.6026697	1
GGGAG	7377785	1.8010104	6.736183	5
TCTCC	4929905	1.7968891	5.970786	7
GGAGA	5446195	1.7967349	7.8426876	6
TTTAC	2836530	1.7773144	7.771163	24
TTCCA	3722540	1.7767318	5.0533204	6
GGAAT	3962095	1.770969	7.1556616	3
CCGGC	8772900	1.7419487	5.0752397	1
GGGGC	9186245	1.7124916	5.074202	45
TTTGG	3731830	1.6764754	5.5894804	36
AACTA	2665305	1.6616309	8.226513	6
GAAAC	3600655	1.6568143	6.5657544	4
AGATG	3669880	1.6403553	6.9858418	4
TATTC	2600325	1.6293131	5.0597577	5
CATTC	3395505	1.6206412	5.992091	45
TGGAG	4885395	1.6157908	5.7670856	7
GATTC	3474710	1.6069419	5.3945985	16
AACAG	3491215	1.6064564	7.559593	39
AATCC	3231260	1.5383664	7.8318477	5
GCTTT	3315850	1.5373441	5.9792857	34
AGAGG	4659230	1.5371101	7.7278724	8
GAGGG	6063675	1.4802195	6.941715	9
CTCCA	4032630	1.4661437	5.374438	6
GAATC	3176420	1.4652945	8.041003	4
CCAAG	4162925	1.4628211	5.231955	50
GAGTT	3253580	1.4579486	6.50387	9
AAGCA	3144845	1.447077	5.8151636	52
CATCT	3028925	1.4456761	5.193955	52
ATCTC	3006830	1.4351305	5.1176767	53
ACTAA	2299030	1.433284	8.126568	7
GTTTA	2349085	1.4261814	7.3611507	23
GAACA	3035315	1.3966774	6.563551	38
CTTAG	2984560	1.3802633	5.67336	13
TAGAT	2247105	1.3608326	7.0062847	15
TCAGT	2893945	1.3383567	5.506336	23
AGTAA	2173960	1.3132226	6.314127	25
GTTAC	2814125	1.3014426	5.730063	24
AGCAA	2805170	1.290778	5.777311	53
GCATT	2772775	1.2823194	5.207092	44
TAGTA	2013290	1.2192357	5.3089466	22
GATGG	3617875	1.1965724	5.0595255	5
GAGAT	2586805	1.1562448	5.538108	3
CAAGC	3233360	1.1361789	6.0971813	51
ATGGA	2479125	1.1081142	5.277249	18
GTATT	1772455	1.0760965	7.3705244	4
TTTAG	1722840	1.0459741	7.5062013	7
TACCA	2189005	1.0421605	5.3998427	26
AGGGG	4252265	1.0380315	6.694764	10
TGCAT	2234860	1.0335511	5.1672125	43
GGCTT	2984020	1.0211339	5.2619615	3
GCTTC	2818245	0.995315	5.350776	4
CGGTA	2732225	0.93261576	5.05328	2
GGTAT	1950605	0.87407774	6.073736	3
TAACC	1819715	0.8663457	5.4631658	9
TTAGC	1754245	0.81128204	5.3119907	8
CTAAC	1538105	0.7322744	5.274406	8
CGTTA	1300175	0.60128915	5.1790843	23
>>END_MODULE
