##FastQC	0.10.1
>>Basic Statistics	pass
#Measure	Value	
Filename	SRR1027183_1.fastq	
File type	Conventional base calls	
Encoding	Illumina 1.5	
Total Sequences	61247419	
Filtered Sequences	0	
Sequence length	60	
%GC	54	
>>END_MODULE
>>Per base sequence quality	pass
#Base	Mean	Median	Lower Quartile	Upper Quartile	10th Percentile	90th Percentile
1	36.63568053373808	38.0	34.0	40.0	34.0	40.0
2	36.45473142304984	38.0	34.0	40.0	34.0	40.0
3	36.44887173123165	38.0	34.0	40.0	34.0	40.0
4	36.37050152268457	38.0	34.0	40.0	34.0	40.0
5	36.30844948747963	38.0	34.0	40.0	34.0	40.0
6	36.469541483862365	38.0	34.0	40.0	34.0	40.0
7	36.42248874193376	38.0	34.0	40.0	34.0	40.0
8	36.42088971945087	38.0	34.0	40.0	34.0	40.0
9	36.38819034970274	38.0	34.0	40.0	34.0	40.0
10	36.36355100939029	38.0	34.0	40.0	34.0	40.0
11	36.470607961455485	38.0	34.0	40.0	34.0	40.0
12	36.411302376676474	38.0	34.0	40.0	34.0	40.0
13	36.36431332722771	38.0	34.0	40.0	33.0	40.0
14	36.34415910652496	38.0	34.0	40.0	33.0	40.0
15	36.288991426724444	38.0	34.0	40.0	33.0	40.0
16	36.209532176368114	38.0	34.0	40.0	33.0	40.0
17	36.14999645944264	38.0	34.0	40.0	33.0	40.0
18	36.06336041686916	38.0	34.0	40.0	33.0	40.0
19	36.006117906780695	38.0	34.0	40.0	33.0	40.0
20	35.967272857652986	38.0	34.0	40.0	33.0	40.0
21	35.83102117331671	38.0	34.0	40.0	33.0	40.0
22	35.69500693572083	38.0	34.0	40.0	32.0	40.0
23	35.6417377849016	38.0	34.0	40.0	32.0	40.0
24	35.554751033672126	37.0	34.0	40.0	32.0	40.0
25	35.464439456624284	37.0	34.0	40.0	32.0	40.0
26	35.087378179968695	37.0	34.0	40.0	31.0	40.0
27	34.949750617246416	36.0	34.0	40.0	31.0	40.0
28	34.74591272164464	36.0	34.0	40.0	30.0	40.0
29	34.76640906288639	36.0	34.0	40.0	30.0	40.0
30	34.66134377025749	36.0	34.0	40.0	30.0	40.0
31	34.22298585349368	35.0	34.0	40.0	29.0	40.0
32	34.387746020775175	36.0	34.0	40.0	29.0	40.0
33	34.03906280524245	35.0	34.0	40.0	27.0	40.0
34	34.21328304462919	36.0	34.0	40.0	29.0	40.0
35	34.14464635644483	36.0	34.0	40.0	28.0	40.0
36	34.09174930293798	36.0	34.0	40.0	28.0	40.0
37	33.97156485892083	36.0	34.0	40.0	28.0	40.0
38	33.88441436201581	36.0	34.0	40.0	27.0	40.0
39	33.78266658061134	35.0	34.0	40.0	27.0	40.0
40	33.60644065670751	35.0	34.0	40.0	26.0	40.0
41	33.524473561898176	35.0	34.0	40.0	25.0	40.0
42	33.41161692054322	35.0	33.0	40.0	25.0	40.0
43	33.34469333311825	35.0	33.0	40.0	24.0	40.0
44	33.279692732848055	35.0	33.0	40.0	23.0	40.0
45	33.05985873461868	35.0	33.0	40.0	22.0	40.0
46	32.94291135761982	35.0	33.0	40.0	20.0	40.0
47	32.84319329439825	35.0	33.0	40.0	19.0	40.0
48	32.718548972651405	35.0	33.0	40.0	18.0	40.0
49	32.583321445757576	35.0	33.0	40.0	16.0	40.0
50	32.44582593757951	35.0	33.0	39.0	10.0	40.0
51	32.10512803813006	35.0	33.0	39.0	2.0	40.0
52	31.981605184048654	35.0	33.0	39.0	2.0	40.0
53	31.831031851317686	35.0	32.0	39.0	2.0	40.0
54	31.688477109541548	35.0	32.0	39.0	2.0	40.0
55	31.495976997822552	35.0	32.0	39.0	2.0	40.0
56	31.21939794720166	35.0	32.0	39.0	2.0	40.0
57	31.080906756250414	35.0	32.0	39.0	2.0	40.0
58	30.930931914045228	35.0	31.0	39.0	2.0	40.0
59	30.834440435767586	35.0	31.0	39.0	2.0	40.0
60	30.48838583712401	34.0	31.0	39.0	2.0	40.0
>>END_MODULE
>>Per sequence quality scores	pass
#Quality	Count
2	206990.0
3	14430.0
4	20014.0
5	32593.0
6	50089.0
7	69517.0
8	80307.0
9	143590.0
10	96789.0
11	186026.0
12	219162.0
13	217554.0
14	362674.0
15	364576.0
16	300317.0
17	359261.0
18	268757.0
19	344068.0
20	349356.0
21	321431.0
22	402392.0
23	393562.0
24	431930.0
25	534450.0
26	574612.0
27	708317.0
28	861670.0
29	967904.0
30	1217475.0
31	1406520.0
32	2373943.0
33	1.1875013E7
34	3833221.0
35	1724927.0
36	2425854.0
37	3763187.0
38	5891532.0
39	1.7830579E7
40	22830.0
>>END_MODULE
>>Per base sequence content	fail
#Base	G	A	T	C
1	36.26531774937849	11.045249683204082	9.641329392744497	43.04810317467293
2	29.17045758455154	15.952793643340128	28.762238506669526	26.114510265438813
3	26.41564490653005	17.901357435433148	20.01590012090812	35.667097537128676
4	31.281214792385327	24.143609417306894	19.01236173209888	25.5628140582089
5	31.19583919632745	26.50249352464373	20.215860067092557	22.085807211936263
6	26.99616693276005	29.916117928146868	21.296101321699187	21.791613817393895
7	22.074355492433074	18.895490110366936	35.17575328357918	23.854401113620803
8	24.044769865520827	19.892445528482313	27.847016754346715	28.215767851650142
9	25.85047179786328	18.765147577817814	28.357328576931312	27.0270520473876
10	26.161627335049054	31.074505642078538	21.301464756652834	21.462402266219573
11	28.741254008643153	25.74800752587724	18.42723958075244	27.083498884727163
12	27.601788411688013	21.343149170089927	23.235369314093056	27.819693104129005
13	26.029129226074804	23.01921906193631	25.53889479818543	25.412756913803452
14	26.42496895511681	24.550505554509876	24.084353914411345	24.940171575961966
15	26.885713339662242	23.34254923930325	24.605856664867613	25.165880756166896
16	27.313052645197754	23.340371658992716	23.726959813295025	25.619615882514506
17	26.580533798791077	23.80551873076393	24.506492415535167	25.107455054909828
18	26.286134935893017	23.820292050423497	23.970254454918734	25.923318558764745
19	26.54310436247613	24.217793092627073	23.757993850893346	25.481108694003453
20	25.737966820588536	24.07025454581553	23.61890745512702	26.57287117846891
21	26.567037634582935	22.967615650030794	23.457615079552067	27.007731635834205
22	26.460753652167828	23.366297951086768	23.33072761798223	26.842220778763178
23	25.91574838443396	23.623060752976382	23.44440179593527	27.016789066654383
24	26.142563777275168	24.344677910423027	23.076780904308883	26.435977407992922
25	27.61356614913929	23.62713818914204	22.307109651761802	26.45218600995686
26	27.03630304667584	23.7437626889586	22.713848576715723	26.50608568764984
27	26.830830383536192	24.602672329345435	22.8497287869435	25.716768500174876
28	26.054080112914583	24.928164204477397	22.27663262443137	26.74112305817664
29	26.56512944681968	23.959888222597613	22.734733516515856	26.740248814066852
30	27.1467872788086	22.936058721737833	22.769821336369667	27.1473326630839
31	26.583837571742023	22.92553221213591	23.485612412292518	27.005017803829546
32	27.268089699174624	22.886213968340073	22.987825870696643	26.857870461788657
33	26.41035085793653	23.481640982689083	23.068578047339564	27.03943011203483
34	27.314195721775903	24.328993278724077	22.63520588322021	25.721605116279818
35	26.833552176208592	23.61651537715092	23.529376613003915	26.02055583363657
36	26.466231331805705	23.469582616943942	22.991924561405114	27.07226148984524
37	26.724438939625433	23.536002044750823	22.874938941014527	26.86462007460922
38	26.03736657347827	23.08376786082595	23.0171851930511	27.861680372644678
39	26.81923034654335	23.131838008129893	21.964140732518896	28.08479091280787
40	26.808990784956787	22.822302012479128	21.78522351144486	28.583483691119227
41	28.071630950075495	23.141372646365816	21.590847659261566	27.196148744297123
42	26.63258009828173	23.24073817977686	22.560524160502766	27.566157561438654
43	27.175893851025695	22.902559814419583	22.841071067358275	27.080475267196448
44	27.958849232426985	22.134023258034855	22.6125570451535	27.29457046438466
45	26.662316119215884	23.592317935499782	22.765676910590567	26.979689034693767
46	27.571390356395582	23.076005303576284	22.38805745817621	26.96454688185192
47	28.25092026758933	23.242208770298223	21.940687582080248	26.566183380032193
48	27.752101737501246	23.058952945788132	22.018053882414314	27.17089143429631
49	27.31967300454901	23.15688050778297	22.432669123211223	27.09077736445679
50	27.817296929227282	22.98524768076749	22.51590038365474	26.68155500635049
51	26.44397981276873	23.143064294612294	22.493377284213434	27.919578608405544
52	28.019213085491817	22.703893302884744	21.94790230024452	27.32899131137892
53	26.8241671920113	23.92087681203079	22.30266186043679	26.95229413552112
54	26.795827764151475	23.541877692267864	21.993430018591887	27.668864524988766
55	27.772630970922318	22.65263018194725	22.800179295890043	26.77455955124039
56	26.980990189191584	22.28969033210307	22.170575111704807	28.55874436700054
57	27.8691318781582	22.21219841777298	22.642419045242967	27.27625065882585
58	27.930836017764886	22.47134336287807	22.162727961015207	27.435092658341837
59	27.877547615799287	22.39894897437309	21.87175222283502	27.8517511869926
60	28.579472524506272	22.055468069071548	21.874730337995754	27.490329068426426
>>END_MODULE
>>Per base GC content	fail
#Base	%GC
1	79.31342092405143
2	55.28496784999035
3	62.08274244365873
4	56.84402885059422
5	53.28164640826372
6	48.78778075015395
7	45.92875660605388
8	52.260537717170976
9	52.87752384525087
10	47.624029601268624
11	55.824752893370324
12	55.421481515817014
13	51.44188613987826
14	51.36514053107878
15	52.05159409582913
16	52.93266852771226
17	51.68798885370091
18	52.209453494657765
19	52.02421305647958
20	52.31083799905745
21	53.574769270417136
22	53.302974430931
23	52.93253745108834
24	52.578541185268094
25	54.06575215909616
26	53.54238873432568
27	52.54759888371107
28	52.79520317109123
29	53.30537826088653
30	54.294119941892504
31	53.588855375571576
32	54.12596016096328
33	53.44978096997135
34	53.035800838055714
35	52.854108009845156
36	53.53849282165094
37	53.58905901423465
38	53.89904694612295
39	54.90402125935121
40	55.39247447607602
41	55.26777969437261
42	54.19873765972037
43	54.25636911822214
44	55.25341969681165
45	53.64200515390966
46	54.5359372382475
47	54.81710364762152
48	54.92299317179755
49	54.4104503690058
50	54.498851935577775
51	54.363558421174275
52	55.348204396870734
53	53.776461327532424
54	54.464692289140245
55	54.5471905221627
56	55.53973455619212
57	55.14538253698406
58	55.365928676106726
59	55.72929880279188
60	56.0698015929327
>>END_MODULE
>>Per sequence GC content	fail
#GC Content	Count
0	2743.0
1	1729.0
2	715.0
3	590.5
4	446.0
5	426.0
6	444.5
7	463.0
8	533.0
9	801.5
10	1000.0
11	1437.0
12	1874.0
13	2841.5
14	5884.5
15	7960.0
16	12050.0
17	16140.0
18	23082.0
19	41755.0
20	53486.0
21	71942.0
22	90398.0
23	117192.5
24	181316.5
25	218646.0
26	265452.0
27	312258.0
28	369530.5
29	491490.5
30	556178.0
31	630976.0
32	705774.0
33	783650.5
34	953542.5
35	1045558.0
36	1135027.5
37	1224497.0
38	1343448.5
39	1611834.0
40	1761268.0
41	1898352.5
42	2035437.0
43	2152997.0
44	2545017.5
45	2819478.0
46	3250225.5
47	3680973.0
48	3624518.5
49	3241249.0
50	2914434.0
51	2999750.5
52	3085067.0
53	3234288.5
54	3158315.5
55	2933121.0
56	2882217.5
57	2831314.0
58	2819651.5
59	2667323.0
60	2526657.0
61	2732833.0
62	2939009.0
63	2417209.5
64	1778095.0
65	1660780.0
66	1518981.0
67	1377182.0
68	1262463.5
69	1143864.0
70	1139983.0
71	1217031.0
72	1294079.0
73	1190910.5
74	905552.0
75	723362.0
76	771508.0
77	819654.0
78	754593.5
79	692189.5
80	694846.0
81	582022.0
82	469198.0
83	425396.5
84	344239.5
85	306884.0
86	273933.0
87	240982.0
88	228953.5
89	175701.0
90	134477.0
91	105042.5
92	75608.0
93	70286.0
94	56042.5
95	47121.0
96	42390.5
97	37660.0
98	26656.0
99	8538.0
100	1424.0
>>END_MODULE
>>Per base N content	pass
#Base	N-Count
1	0.24317106325737578
2	2.5960277607779686E-4
3	1.4041408014270774E-4
4	2.4490827931867627E-5
5	0.001603332868606267
6	2.0245751090343906E-4
7	0.0
8	0.0011200471974174128
9	4.898165586373526E-6
10	7.183976193347837E-5
11	1.2082141779721363E-4
12	0.0
13	0.03261688463966131
14	9.975930577580745E-4
15	6.71048685333173E-4
16	0.0013796499734952097
17	3.0042082263090955E-4
18	0.0012000505686615137
19	0.0018351793730279474
20	0.001245766780801
21	0.0010008585014823239
22	0.004181400688900866
23	0.0
24	1.5347585503970378E-4
25	5.0614377725859766E-5
26	4.4573306835999076E-4
27	9.012624678927287E-4
28	0.16494246067740423
29	0.002883386808511882
30	0.30948732713128696
31	0.07598850818513675
32	0.0010726982634158022
33	0.0985755824257672
34	6.8084501650592E-4
35	4.5716212139486237E-4
36	7.624811096121454E-4
37	0.09239409745576381
38	0.05925800726394691
39	0.05962700240478704
40	2.8572632587178895E-4
41	7.93502824992511E-4
42	3.673624189780144E-4
43	7.183976193347837E-4
44	8.849352492714836E-4
45	0.0024278574089791442
46	0.061065430365318744
47	0.06123523343897969
48	0.060203353222117
49	0.003332385320596122
50	0.002819710655889026
51	0.002896448583408878
52	0.0023707121438047863
53	0.003116866034795687
54	0.003082578875691072
55	0.005559417940533952
56	0.004109560926967387
57	0.0034270831885993436
58	0.005273691614662162
59	0.03574028156190549
60	0.0028866522522361313
>>END_MODULE
>>Sequence Length Distribution	pass
#Length	Count
60	6.1247419E7
>>END_MODULE
>>Sequence Duplication Levels	fail
#Total Duplicate Percentage	73.5029025195199
#Duplication Level	Relative count
1	100.0
2	14.579033837537734
3	5.4912148655320046
4	3.1498612021592574
5	2.2725617306431642
6	1.7060399316936574
7	1.386359773715007
8	1.1265690630538763
9	1.0132647032639748
10++	31.138466020831817
>>END_MODULE
>>Overrepresented sequences	warn
#Sequence	Count	Percentage	Possible Source
CTCGATCAGAAGGACTTGGGCCCCCCACGAGCGGCGCCGGGGAGCGGGTCTTCCGTACGC	148664	0.24272696291087792	No Hit
CTGCCAGTAGCATATGCTTGTCTCAAAGATTAAGCCATGCATGTCTAAGTACGCACGGCC	145828	0.23809656370989285	No Hit
GGCGGGAGTAACTATGACTCTCTTAAGGTAGCCAAATGCCTCGTCATCTAATTAGTGACG	103884	0.16961367792494242	No Hit
ATCAGACGTGGCGACCCGCTGAATTTAAGCATATTAGTCAGCGGAGGAAAAGAAACTAAC	100110	0.16345178561728455	No Hit
CCTGCCAGTAGCATATGCTTGTCTCAAAGATTAAGCCATGCATGTCTAAGTACGCACGGC	96717	0.15791196033909607	No Hit
GCTGGATAGTAGGTAGGGACAGTGGGAATCTCGTTCATCCATTCATGCGCGTCACTAATT	94812	0.1548016251917489	No Hit
GTCAAAGTGAAGAAATTCAATGAAGCGCGGGTAAACGGCGGGAGTAACTATGACTCTCTT	86462	0.14116839764300926	No Hit
GTGAACAGCAGTTGAACATGGGTCAGTCGGTCCTGAGAGATGGGCGAGCGCCGTTCCGAA	82046	0.1339582978998674	No Hit
CAGACGTGGCGACCCGCTGAATTTAAGCATATTAGTCAGCGGAGGAAAAGAAACTAACCA	80549	0.13151411327226703	No Hit
CGAAGGCCCGCGGCGGGTGTTGACGCGATGTGATTTCTGCCCAGTGCTCTGAATGTCAAA	77286	0.12618654183615477	No Hit
CGCGATGTGATTTCTGCCCAGTGCTCTGAATGTCAAAGTGAAGAAATTCAATGAAGCGCG	77010	0.1257359106022084	No Hit
CGCGTAACTAGTTAGCATGCCAGAGTCTCGTTCGTTATCGGAATTAACCAGACAAATCGC	75790	0.12374398993041649	No Hit
GCGAATGATTAGAGGTCTTGGGGCCGAAACGATCTCAACCTATTCTCAAACTTTAAATGG	75164	0.12272190604472656	No Hit
GCCGGTATTTAGCCTTAGATGGAGTTTACCACCCGCTTTGGGCTGCATTCCCAAGCAACC	74869	0.12224025309539982	No Hit
GCTGAATTTAAGCATATTAGTCAGCGGAGGAAAAGAAACTAACCAGGATTCCCTCAGTAA	74264	0.1212524563688145	No Hit
CGGTAACGCAGGTGTCCTAAGGCGAGCTCAGGGAGGACAGAAACCTCCCGTGGAGCAGAA	73911	0.12067610555148456	No Hit
CCTCACCCGGCCCGGACACGGACAGGATTGACAGATTGATAGCTCTTTCTCGATTCCGTG	70804	0.1156032387258637	No Hit
GCCCTCTTGAACTCTCTCTTCAAAGTTCTTTTCAACTTTCCCTTACGGTACTTGTTGACT	70442	0.11501219341177463	No Hit
CCGGTATTTAGCCTTAGATGGAGTTTACCACCCGCTTTGGGCTGCATTCCCAAGCAACCC	66515	0.10860049465921168	No Hit
GTTGGTTTTGATCTGATAAATGCACGCATCCCCCCCGCGAAGGGGGTCAGCGCCCGTCGG	63572	0.10379539421897924	No Hit
CTCTCATGTCTCTTCACCGTGCCAGACTAGAGTCAAGCTCAACAGGGTCTTCTTTCCCCG	62779	0.10250064578231452	No Hit
GCCCGTTCCCTTGGCTGTGGTTTCGCTGGATAGTAGGTAGGGACAGTGGGAATCTCGTTC	62246	0.10163040502980215	No Hit
CCGACATCGAAGGATCAAAAAGCGACGTCGCTATGAACGCTTGGCCGCCACAAGCCAGTT	61409	0.10026381683120393	No Hit
ATTCAATGAAGCGCGGGTAAACGGCGGGAGTAACTATGACTCTCTTAAGGTAGCCAAATG	61399	0.10024748961258269	No Hit
>>END_MODULE
>>Kmer Content	warn
#Sequence	Count	Obs/Exp Overall	Obs/Exp Max	Max Obs/Exp Position
AAAAA	6918780	3.1277955	5.334215	2
TTTTT	6587205	3.0940642	4.559603	12
CCCCC	14703400	3.0138538	4.813303	42
TTTAA	5995560	2.7733853	8.220154	7
AAGAA	6821405	2.6099532	5.6431	50
TTTCT	6391480	2.5433424	5.532312	34
GGGGG	12899755	2.532447	5.1613216	50
AGAAA	6315290	2.416307	5.1614776	51
AAAGA	6249835	2.3912635	5.3370137	25
TTAAA	5143220	2.3609767	7.128566	7
TTCTT	5813480	2.3133407	5.280485	50
TCAAA	5617615	2.1846597	5.585541	2
AATTT	4583225	2.1200771	6.6834035	5
TTGAA	5439335	2.1132572	5.773493	7
ATTTA	4558435	2.1086097	8.632452	6
ATTAA	4447070	2.0414114	6.1115956	6
GTGAA	6054440	1.9756352	5.583122	1
CCCGG	9769665	1.9682754	5.2678766	1
AAAAT	4313185	1.9648563	5.046757	3
ATTCC	5853445	1.9582418	5.62102	48
TAAAT	4252010	1.95187	5.2868977	3
TTAAG	4900540	1.9039279	6.3161845	23
AAATT	4135570	1.8984184	5.4802303	4
AATTA	4109115	1.8862746	5.1309166	5
GCGGG	9496555	1.8805033	5.0723505	2
TTCAT	4621920	1.8251643	5.3771777	42
AACTA	4681720	1.8206952	6.919118	6
GAAGG	6255360	1.7143961	5.144137	9
AACCA	5147755	1.6959965	5.1314764	10
GATTC	4765925	1.5807124	5.514322	47
ATATT	3313420	1.5326993	5.6086493	31
ACTAA	3893610	1.5142035	5.8684125	55
GAATT	3738215	1.4523485	5.439371	21
TCAGA	4306960	1.4175967	5.576582	2
TATTA	3047570	1.4097241	5.1479344	32
AGATT	3282905	1.2754543	5.8404465	27
AAGGA	3679765	1.1915958	5.522848	10
CAGAC	3868830	1.0787896	5.5623918	3
>>END_MODULE
