##FastQC	0.10.1
>>Basic Statistics	pass
#Measure	Value	
Filename	SRR1027176_1.fastq	
File type	Conventional base calls	
Encoding	Illumina 1.5	
Total Sequences	48256786	
Filtered Sequences	0	
Sequence length	60	
%GC	55	
>>END_MODULE
>>Per base sequence quality	pass
#Base	Mean	Median	Lower Quartile	Upper Quartile	10th Percentile	90th Percentile
1	35.60193882369207	36.0	34.0	38.0	34.0	38.0
2	35.565224298195076	36.0	34.0	38.0	34.0	38.0
3	35.54249236573691	36.0	34.0	38.0	34.0	38.0
4	35.51112763705399	36.0	34.0	38.0	34.0	38.0
5	35.52020604936268	36.0	34.0	38.0	34.0	38.0
6	35.56353610039425	36.0	34.0	38.0	34.0	38.0
7	35.50102478851368	36.0	34.0	38.0	34.0	38.0
8	35.41891308302215	36.0	34.0	38.0	34.0	38.0
9	35.52167284824978	36.0	34.0	38.0	34.0	38.0
10	35.459923791857996	35.0	34.0	38.0	34.0	38.0
11	35.50110473581892	36.0	34.0	38.0	34.0	38.0
12	35.46386499921483	35.0	34.0	38.0	34.0	38.0
13	35.4381586457084	35.0	34.0	38.0	34.0	38.0
14	35.41146594387782	35.0	34.0	38.0	34.0	38.0
15	35.37205786974707	35.0	34.0	38.0	34.0	38.0
16	35.33076543887527	35.0	34.0	38.0	34.0	38.0
17	35.28870225630028	35.0	34.0	38.0	34.0	38.0
18	35.24854864971737	35.0	34.0	38.0	34.0	38.0
19	35.22575997912501	35.0	34.0	38.0	34.0	38.0
20	35.14415276226643	35.0	34.0	38.0	34.0	38.0
21	35.010444189134354	34.0	34.0	38.0	33.0	38.0
22	34.956221949799975	34.0	34.0	38.0	33.0	38.0
23	34.87828837171212	34.0	34.0	38.0	33.0	38.0
24	34.78764089261974	34.0	34.0	38.0	33.0	38.0
25	34.69711733392273	34.0	34.0	38.0	33.0	38.0
26	34.470548453019646	34.0	34.0	38.0	33.0	38.0
27	34.39570563194988	34.0	34.0	38.0	33.0	38.0
28	34.35600978482073	34.0	34.0	38.0	32.0	38.0
29	34.278884093109724	34.0	34.0	38.0	32.0	38.0
30	34.16870443879126	34.0	34.0	38.0	32.0	38.0
31	33.962207449953254	34.0	34.0	38.0	32.0	38.0
32	33.880636849706484	34.0	34.0	38.0	32.0	38.0
33	33.77634737216026	34.0	34.0	38.0	31.0	38.0
34	33.719977724998095	34.0	34.0	38.0	31.0	38.0
35	33.61057543285207	34.0	34.0	38.0	31.0	38.0
36	33.33628592670884	34.0	34.0	38.0	30.0	38.0
37	33.16856530809988	34.0	34.0	38.0	30.0	38.0
38	33.05903389421749	34.0	34.0	38.0	30.0	38.0
39	32.70385300836239	34.0	34.0	38.0	28.0	38.0
40	32.803218763885354	34.0	34.0	37.0	29.0	38.0
41	32.51474578103896	34.0	34.0	37.0	28.0	38.0
42	32.41363494452366	34.0	34.0	37.0	27.0	38.0
43	32.25215887771722	34.0	34.0	37.0	26.0	38.0
44	32.04809995012929	34.0	34.0	37.0	25.0	38.0
45	32.019408234108255	34.0	34.0	37.0	25.0	38.0
46	31.773626573473003	34.0	34.0	37.0	23.0	38.0
47	31.70605802466828	34.0	33.0	37.0	22.0	38.0
48	31.629552888167893	34.0	33.0	37.0	21.0	38.0
49	31.49949138759469	34.0	33.0	36.0	20.0	38.0
50	31.29587074033484	34.0	33.0	36.0	15.0	38.0
51	31.107750918181747	34.0	33.0	36.0	2.0	38.0
52	30.962187473488186	34.0	33.0	36.0	2.0	38.0
53	30.812110943318935	34.0	33.0	36.0	2.0	38.0
54	30.67128071894386	34.0	33.0	36.0	2.0	38.0
55	30.592423705963345	34.0	33.0	36.0	2.0	38.0
56	30.218598499286713	34.0	32.0	36.0	2.0	38.0
57	30.074911971965975	34.0	32.0	36.0	2.0	38.0
58	29.94934424352256	34.0	32.0	36.0	2.0	38.0
59	29.823761657065184	34.0	32.0	36.0	2.0	38.0
60	29.49785250928232	34.0	31.0	36.0	2.0	38.0
>>END_MODULE
>>Per sequence quality scores	pass
#Quality	Count
2	92984.0
3	5224.0
4	9530.0
5	8769.0
6	22626.0
7	23727.0
8	28735.0
9	55407.0
10	56321.0
11	78565.0
12	138927.0
13	139336.0
14	184085.0
15	232164.0
16	259463.0
17	259964.0
18	242433.0
19	290204.0
20	290426.0
21	282971.0
22	352667.0
23	318325.0
24	380823.0
25	451193.0
26	370105.0
27	484942.0
28	558103.0
29	609995.0
30	808944.0
31	996109.0
32	1570454.0
33	1.2400472E7
34	6629964.0
35	1941484.0
36	4151948.0
37	1.3526373E7
38	3024.0
>>END_MODULE
>>Per base sequence content	fail
#Base	G	A	T	C
1	33.187498450465036	8.864871111367451	14.909014937672646	43.03861550049486
2	30.713046871491223	18.09502108839588	24.99910206362463	26.192829976488262
3	33.86416444367734	19.932924570894453	20.237162010005775	25.965748975422425
4	33.88072807706204	26.1274573139629	14.703156794480684	25.288657814494382
5	34.788936805749714	26.49825313492012	18.024678919409627	20.68813113992054
6	27.37570411919273	29.572791616113097	18.21995957565734	24.83154468903683
7	21.94692727977706	15.894487258357476	36.399179563803784	25.759405898061676
8	23.62302785767788	19.330719621484945	23.435993022825848	33.610259498011324
9	27.231342229519477	16.632475964415697	25.540423497761477	30.595758308303346
10	25.919940047395613	34.09916690266111	18.35446106999335	21.626431979949928
11	30.884492424843064	20.962286618121418	16.80614684536763	31.34707411166789
12	26.29137381838898	17.840531277818627	24.300673484554068	31.567421419238322
13	26.96564654820221	21.03691499853668	25.559978814169142	26.437459639091966
14	28.355782754976534	21.364034819235947	24.0802628041402	26.199919621647318
15	27.169455183074593	21.840102531618186	24.807604013898665	26.18283827140856
16	26.290931609526385	21.38962113779042	25.14667813498759	27.172769117695605
17	25.918525515069657	22.680109116725635	22.842449672148337	28.55891569605637
18	25.09587355574202	24.48868818450693	23.030483832690916	27.384954427060126
19	28.550954679153694	21.089814510058822	22.772401665687905	27.58682914509957
20	26.259200105038076	21.162443350454378	22.702693047149886	29.875663497357657
21	26.31400864242601	23.176109691466174	22.71447946724954	27.795402198858277
22	28.37068750878763	21.804774936736848	23.237749152890792	26.586788401584734
23	28.25563888428676	22.62144306905585	22.34540658787755	26.77751145877984
24	26.16853549163485	24.774427273631357	22.661560785235775	26.395476449498023
25	26.702897262975917	24.438449417242943	22.457117911224298	26.401535408556843
26	27.22719566521732	21.85097553398491	24.67734556697302	26.24448323382475
27	29.210376760009954	21.96860370213406	22.510250456256944	26.31076908159904
28	25.56006283413645	22.43771210630438	21.99471291323671	30.00751214632246
29	25.87174268562015	21.754962773742434	21.363134488635772	31.010160052001652
30	28.30335193853881	22.08452414276646	22.03486378256685	27.577260136127883
31	26.47970536133598	23.793379503519155	22.3352213069843	27.391693828160562
32	28.80158275772451	22.549829892229972	22.059825724328388	26.588761625717126
33	25.761812690918397	24.150780478171693	22.31715752301841	27.770249307891497
34	26.779064504530087	22.67869030899575	21.989243080815754	28.553002105658408
35	26.496533653640302	22.782818168463262	21.467465402109344	29.25318277578709
36	28.31304123362982	22.065210699155426	21.757187290628885	27.86456077658587
37	26.250482743816317	23.886499961347315	22.76064101743153	27.102376277404836
38	26.253154642132287	21.919082483188962	23.377883233314765	28.44987964136399
39	26.98443406303746	23.909378641952216	20.7818124308941	28.324374864116226
40	26.47576283564283	22.435439031344682	22.913708986781312	28.17508914623118
41	27.25055072538819	21.613251003264413	21.032043754789242	30.10415451655815
42	28.672557076982518	22.3363654828374	21.824287757910437	27.166789682269645
43	27.385498203941992	21.53208913478816	23.681347784708997	27.40106487656085
44	27.36012849022451	23.976211251922916	21.05557585579693	27.608084402055646
45	27.326608407022274	22.821062676658972	22.879701268054873	26.97262764826388
46	29.273797299511887	22.062309541738493	20.444151258865578	28.21974189988404
47	27.70717950100923	21.38913770892412	21.20815760922554	29.69552518084111
48	27.402748745673023	21.09035853786292	21.416357504793172	30.09053521167089
49	28.725080344886457	21.533253333583435	21.32614442234556	28.415521899184544
50	27.53509141976817	21.790425428689883	22.38822462950308	28.286258522038864
51	25.88619514968403	21.924936452850435	21.177025208794664	31.011843188670866
52	26.82029538647664	22.2239724016923	23.224317239398772	27.73141497243229
53	26.337978416787305	22.781399132402058	23.177309374045002	27.703313076765635
54	26.992400286074737	22.019353328352846	21.03592211760407	29.95232426796835
55	27.45299140189672	20.742511609625165	23.248623888745872	28.555873099732242
56	28.675203822379068	21.906335609082717	20.47204903980863	28.94641152872958
57	27.437566938243574	21.395642337854703	21.092027431436197	30.07476329246553
58	27.460409920524597	21.72503645939218	22.954629914727622	27.859923705355598
59	27.572650320999614	21.72266253600437	22.55749671967599	28.147190423320023
60	29.82880008355294	21.74151987553533	20.30758029859346	28.12209974231827
>>END_MODULE
>>Per base GC content	fail
#Base	%GC
1	76.2261139509599
2	56.905876847979485
3	59.82991341909977
4	59.169385891556416
5	55.47706794567026
6	52.207248808229565
7	47.70633317783874
8	57.233287355689214
9	57.82710053782283
10	47.54637202734554
11	62.231566536510954
12	57.858795237627305
13	53.40310618729418
14	54.55570237662385
15	53.352293454483146
16	53.46370072722198
17	54.477441211126035
18	52.48082798280215
19	56.137783824253276
20	56.13486360239573
21	54.10941084128429
22	54.95747591037235
23	55.033150343066595
24	52.56401194113287
25	53.10443267153276
26	53.47167889904206
27	55.521145841609
28	55.5675749804589
29	56.88190273762179
30	55.88061207466669
31	53.87139918949655
32	55.39034438344164
33	53.5320619988099
34	55.33206661018849
35	55.7497164294274
36	56.177602010215686
37	53.35285902122116
38	54.70303428349628
39	55.308808927153684
40	54.650851981874006
41	57.35470524194635
42	55.83934675925216
43	54.786563080502845
44	54.96821289228016
45	54.29923605528616
46	57.493539199395926
47	57.40270468185034
48	57.49328395734391
49	57.140602244071005
50	55.82134994180704
51	56.898038338354894
52	54.55171035890892
53	54.04129149355295
54	56.94472455404309
55	56.00886450162896
56	57.62161535110866
57	57.5123302307091
58	55.32033362588019
59	55.71984074431964
60	57.950899825871204
>>END_MODULE
>>Per sequence GC content	pass
#GC Content	Count
0	14368.0
1	8982.5
2	3597.0
3	2623.5
4	1551.0
5	1452.0
6	1488.0
7	1524.0
8	1651.0
9	2028.0
10	2278.0
11	2868.0
12	3458.0
13	4851.0
14	8671.5
15	11099.0
16	15382.5
17	19666.0
18	26679.5
19	44744.5
20	55796.0
21	71216.5
22	86637.0
23	105037.0
24	147583.0
25	171729.0
26	198235.5
27	224742.0
28	255379.5
29	320736.5
30	355456.0
31	393873.0
32	432290.0
33	476020.0
34	564487.5
35	609225.0
36	670234.0
37	731243.0
38	833443.5
39	1041148.5
40	1146653.0
41	1213625.5
42	1280598.0
43	1454778.5
44	1743564.0
45	1858169.0
46	2141021.0
47	2423873.0
48	2320016.0
49	2222460.0
50	2228761.0
51	2292230.5
52	2355700.0
53	2663503.5
54	2960208.0
55	2949109.0
56	2775573.5
57	2602038.0
58	2498800.0
59	2370578.0
60	2345594.0
61	2235963.0
62	2126332.0
63	1949926.5
64	1683429.0
65	1593337.0
66	1315016.0
67	1036695.0
68	979591.5
69	931779.5
70	941071.0
71	937983.5
72	934896.0
73	1065779.5
74	939991.5
75	683320.0
76	738718.0
77	794116.0
78	676889.5
79	568407.0
80	577151.0
81	515175.0
82	453199.0
83	426741.0
84	348623.0
85	296963.0
86	256926.5
87	216890.0
88	216645.0
89	195134.5
90	173869.0
91	132684.0
92	91499.0
93	88850.5
94	72841.0
95	59480.0
96	61808.5
97	64137.0
98	42282.5
99	11678.0
100	2928.0
>>END_MODULE
>>Per base N content	pass
#Base	N-Count
1	0.11778861526335384
2	0.015054877463244236
3	1.4298507157107395E-4
4	1.678520405399564E-4
5	1.1190136035997092E-4
6	4.5382218368210435E-4
7	3.522820603925011E-5
8	0.0
9	4.144494828147071E-6
10	0.0
11	4.724724104087661E-4
12	0.0
13	1.0361237070367678E-5
14	2.4866968968882428E-5
15	1.284793396725592E-4
16	0.001983140775268374
17	4.268829672991483E-4
18	0.0010734241604900916
19	4.289552147132219E-4
20	0.0
21	4.0823274057248654E-4
22	4.3517195695544246E-5
23	2.5074193710289785E-4
24	0.0022027990011601684
25	0.007938779843315716
26	0.016961345084191892
27	0.02154515636412255
28	0.028147336625360835
29	0.03476609486591171
30	0.031270213478369654
31	0.04779016986336388
32	0.0445160189491277
33	0.02898866907547469
34	0.04360423008693534
35	0.05812861221217675
36	0.06942650511370566
37	0.06724442858668624
38	0.06922964160936868
39	0.08294999173794956
40	0.08393016476480634
41	0.11941947397822973
42	0.08710692005058107
43	0.09286362336687735
44	0.1091079708457998
45	0.10990371385280404
46	0.10503393242973123
47	0.10669173036099006
48	0.1256217104885518
49	0.13117740580568296
50	0.15865333426888398
51	0.1387929150524032
52	0.16080639933210636
53	0.13062204349871123
54	0.1785386204543336
55	0.16746245802611057
56	0.1429767825814177
57	0.15206358749213011
58	0.15846683200161735
59	0.17081328209466748
60	0.11895736280489132
>>END_MODULE
>>Sequence Length Distribution	pass
#Length	Count
60	4.8256786E7
>>END_MODULE
>>Sequence Duplication Levels	fail
#Total Duplicate Percentage	72.47703310207713
#Duplication Level	Relative count
1	100.0
2	26.162465517077933
3	9.497852815986803
4	5.030003697138036
5	3.398523040753837
6	2.5889446092883484
7	2.107368680500915
8	1.7954819077232265
9	1.3906926919904823
10++	37.62548939679771
>>END_MODULE
>>Overrepresented sequences	fail
#Sequence	Count	Percentage	Possible Source
GATCGGAAGAGCGGTTCAGCAGGAATGCCGAGACCGATATCGTATGCCGTCTTCTGCTTG	487692	1.0106184858643508	Illumina Paired End PCR Primer 2 (98% over 60bp)
GATCGGAAGAGCGGTTCAGCAGGAATGCCGAGACCGATCTCGTATGCCGTCTTCTGCTTG	191974	0.3978176250693529	Illumina Paired End PCR Primer 2 (100% over 60bp)
CCGGTATTTAGCCTTAGATGGAGTTTACCACCCGCTTTGGGCTGCATTCCCAAGCAACCC	165579	0.343120654574882	No Hit
CCGGCTTCTCCGGGATCGGTCGCGTTACCGCACTGGACGCCTCGCGGCGCCCATCTCCGC	154857	0.32090201780118555	No Hit
GAAGAAACTAACCAGGATTCCCTCAGTAACGGCGAGTGAACAGGGAAGAGCCCAGCGCCG	125847	0.26078612031891224	No Hit
CTTAGAGCCAATCCTTATCCCGAAGTTACGGATCCGGCTTGCCGACTTCCCTTACCTACA	110023	0.22799487723861264	No Hit
CAAATATTCAAACGAGAACTTTGAAGGCCGAAGTGGAGAAGGGTTCCATGTGAACAGCAG	96362	0.19968590531495406	No Hit
GCCGCCGCAGGTGCAGATCTTGGTGGTAGTAGCAAATATTCAAACGAGAACTTTGAAGGC	76587	0.1587072127016499	No Hit
CTTGAACTCTCTCTTCAAAGTTCTTTTCAACTTTCCCTTACGGTACTTGTTGACTATCGG	76345	0.15820572882744408	No Hit
CGGGTGTTGACGCGATGTGATTTCTGCCCAGTGCTCTGAATGTCAAAGTGAAGAAATTCA	76015	0.15752188718079982	No Hit
CGCAGGTGCAGATCTTGGTGGTAGTAGCAAATATTCAAACGAGAACTTTGAAGGCCGAAG	75589	0.1566391097824045	No Hit
CTTAGATGGAGTTTACCACCCGCTTTGGGCTGCATTCCCAAGCAACCCGACTCCGGGAAG	73206	0.15170094419466726	No Hit
CGGGGCTCCCGCCGGCTTCTCCGGGATCGGTCGCGTTACCGCACTGGACGCCTCGCGGCG	72446	0.15012603615997136	No Hit
CGGTATTTAGCCTTAGATGGAGTTTACCACCCGCTTTGGGCTGCATTCCCAAGCAACCCG	71742	0.14866717398046359	No Hit
CGGAGATGGGCGCCGCGAGGCGTCCAGTGCGGTAACGCGACCGATCCCGGAGAAGCCGGC	70949	0.1470238817811033	No Hit
GCCGGCTTCTCCGGGATCGGTCGCGTTACCGCACTGGACGCCTCGCGGCGCCCATCTCCG	67638	0.1401626705931058	No Hit
CCGGGATCGGTCGCGTTACCGCACTGGACGCCTCGCGGCGCCCATCTCCGCCACTCCGGA	67094	0.1390353679998498	No Hit
CGCGATGTGATTTCTGCCCAGTGCTCTGAATGTCAAAGTGAAGAAATTCAATGAAGCGCG	66586	0.13798266631350045	No Hit
AAGAAACTAACCAGGATTCCCTCAGTAACGGCGAGTGAACAGGGAAGAGCCCAGCGCCGA	65601	0.13594150261063803	No Hit
CCGACATCGAAGGATCAAAAAGCGACGTCGCTATGAACGCTTGGCCGCCACAAGCCAGTT	65398	0.13552083638558107	No Hit
GCGGGAGTAACTATGACTCTCTTAAGGTAGCCAAATGCCTCGTCATCTAATTAGTGACGC	64226	0.1330921624162869	No Hit
CTCTCTTCAAAGTTCTTTTCAACTTTCCCTTACGGTACTTGTTGACTATCGGTCTCGTGC	62641	0.12980765026498034	No Hit
GGAGAGTTCTCTTTTCTTTGTGAAGGGCAGGGCGCCCTGGAATGGGTTCGCCCCGAGAGA	61836	0.12813949109665115	No Hit
CGGATTTTCAAGGGCCAGCGAGAGCTCACCGGACGCCGCCGGAACCGCGACGCTTTCCAA	60389	0.12514094908848675	No Hit
CCAGGATTCCCTCAGTAACGGCGAGTGAACAGGGAAGAGCCCAGCGCCGAATCCCCGCCC	59485	0.12326763742616428	No Hit
CGGCAGGTGAGTTGTTACACACTCCTTAGCGGATTCCGACTTCCATGGCCACCGTCCTGC	56765	0.11763112445988425	No Hit
ATTTAGCCTTAGATGGAGTTTACCACCCGCTTTGGGCTGCATTCCCAAGCAACCCGACTC	54200	0.11231580984278564	No Hit
CCACTCTCGACTGCCGGCGACGGCCGGGTATGGGCCCGACGCTCCAGCGCCATCCATTTT	53644	0.11116364028056075	No Hit
CTGGATAGTAGGTAGGGACAGTGGGAATCTCGTTCATCCATTCATGCGCGTCACTAATTA	53225	0.11029536861406394	No Hit
CTTCACCGTGCCAGACTAGAGTCAAGCTCAACAGGGTCTTCTTTCCCCGCTGATTCCGCC	53080	0.10999489273902327	No Hit
CGCGGTTCCGCGCGGCGCCTCGCCTCGGCCGGCGCCTAGCAGCCGACTTAGAACTGGTGC	52928	0.10967991113208408	No Hit
CCGCCACGCAGTTTTATCCGGTAAAGCGAATGATTAGAGGTCTTGGGGCCGAAACGATCT	51384	0.10648036112475456	No Hit
>>END_MODULE
>>Kmer Content	warn
#Sequence	Count	Obs/Exp Overall	Obs/Exp Max	Max Obs/Exp Position
AAAAA	6356195	4.490766	9.794342	2
TTTTT	5134550	3.536942	5.4575624	2
CCCCC	14408110	3.041027	5.1873097	41
GAAGA	6539950	2.9492598	26.13459	6
TTCAA	5013290	2.7536263	9.703714	7
TCAAA	4920065	2.716143	7.252902	15
TTTTC	4921400	2.6759114	5.2805696	12
TCTTT	4676530	2.5427685	5.346662	10
AAGAA	4321805	2.4394736	8.811686	2
GTGAA	5320535	2.3872302	7.7384324	36
CTTTT	4255810	2.3140106	5.9644566	11
AGAAA	4071055	2.297936	7.0860257	3
TCTTC	5312470	2.280012	20.799145	50
AAGAG	4968695	2.2406857	24.91262	7
TTTCA	4053115	2.214989	6.167357	6
CCTTA	5051285	2.178924	5.737234	12
GGAAT	4840470	2.1718335	25.62103	22
TTCCC	6393880	2.166021	6.9279757	47
AAACT	3906705	2.156713	7.235972	5
ATTTA	3084145	2.146147	12.276893	6
ACTTT	3917455	2.140852	7.563743	18
TTGAA	3790325	2.117914	6.32498	2
ATTCC	4887430	2.1082435	5.9483347	17
GGGAA	5817465	2.0959456	5.6410904	43
CTTCT	4868015	2.0892603	20.881424	51
AAATA	2966730	2.0854595	6.353704	2
TGAAG	4631630	2.078131	5.3847594	49
TCTCT	4796750	2.0586748	5.990702	8
TTCTG	4714835	2.0585282	20.354858	52
AAAAT	2927035	2.0575557	6.205685	3
GAATG	4575285	2.0528498	24.87248	23
GTTCA	4663900	2.046629	24.705889	14
CTTTG	4651225	2.0307558	5.8008156	35
AGAGC	5732765	2.0303023	20.608477	8
AAGTT	3631270	2.029039	6.307255	23
AACTT	3658665	2.0095778	6.446976	17
TGAAC	4543380	2.003865	6.8312936	37
CGGCG	8720410	1.9377563	5.3305707	1
GGAAG	5375125	1.9365772	20.043222	5
TTAGA	3402025	1.900944	8.119495	2
TTACC	4360780	1.8810673	9.783556	25
AGTTT	3383245	1.8809001	7.4755464	22
TATTT	2698695	1.8684392	9.091139	5
ATTCA	3389575	1.861776	6.6017637	6
ATATT	2639695	1.8368698	6.390199	4
AGGGA	5067685	1.8258111	5.393149	42
CCGGG	8136725	1.808056	6.8586063	1
GATTT	3213410	1.7864811	5.949619	3
TGGAG	4923930	1.7650565	6.1413383	7
CGGGG	7778220	1.7582966	6.9443398	1
AGAAG	3891495	1.754911	5.0858865	37
TTTGA	3145765	1.7488742	5.037899	20
CAAAT	3159245	1.7440747	5.568142	33
CGAGA	4916890	1.741354	19.282715	29
CAGGA	4867705	1.7239348	20.461184	20
AACCA	3932315	1.7135136	6.7541814	10
TTCTC	3980445	1.708332	6.7486367	6
AGATG	3765850	1.6896707	6.930896	4
GGAGA	4656985	1.6778421	5.7449527	2
TCTCC	4931475	1.67061	5.269831	7
GTCTT	3826215	1.6705507	21.476946	49
GGTTC	4728555	1.6577762	19.590868	13
TTTAC	3031040	1.6564345	6.9182453	24
GCCGA	5932640	1.650071	17.012259	27
AGCAG	4646430	1.6455686	20.315073	18
GCAGG	5800415	1.6412069	16.20211	19
GGGAG	5663760	1.630267	5.605773	1
CTGCT	4715375	1.6250402	16.007599	54
TTTGG	3638990	1.6162957	5.5256596	36
AATAT	2297070	1.6065655	6.557676	3
AACAG	3623385	1.606214	7.5956187	39
AGGAA	3558000	1.6045177	25.337748	21
GAAAC	3584815	1.5891163	6.6153126	4
GATTC	3595030	1.5775836	5.3695464	16
ATGCC	4537955	1.5718372	19.521492	25
GGATT	3478230	1.5527366	5.1267095	15
TTCAG	3512575	1.5414004	24.53188	15
CAGGG	5357900	1.5159987	5.1179857	41
CATTC	3509065	1.5136713	5.5499363	45
GCTTT	3458595	1.5100456	5.7788715	34
AACTA	2707990	1.4949573	7.778723	6
CAGCA	4278975	1.4896582	19.79247	17
AGTGA	3314550	1.4871802	5.312395	35
TATTC	2701080	1.4761147	5.427635	5
CCAAG	4232510	1.4734824	5.275181	50
AATCC	3325930	1.4419587	5.713391	5
ATCTC	3320765	1.4324461	7.663268	37
CTCCA	4199645	1.4299154	5.3263097	6
ATCGG	4029925	1.4200184	19.446915	2
GAGTT	3170460	1.4153433	6.1445894	9
CTTAG	3199940	1.4042088	6.3617125	1
GAATC	3183360	1.404026	6.155671	4
AAGCA	3162325	1.4018303	5.631074	52
GATCG	3936695	1.3871672	19.206188	1
GAACA	3110415	1.3788191	6.396308	38
TGCTT	3126830	1.3651946	19.992657	55
AGACC	3913835	1.3625406	18.868168	31
GATCT	3068510	1.3465343	7.3556633	36
GTTAC	3064075	1.344588	5.7729077	25
GTTTA	2404765	1.3369185	6.8505917	23
ACTAA	2397400	1.3234948	7.7811956	7
TCTGC	3754615	1.2939374	16.011713	53
TCAGT	2941655	1.2908673	5.463488	23
TAGAT	2296305	1.2831028	6.5833316	15
CGGAA	3610005	1.2785108	19.342684	4
AGGAT	2844830	1.2764251	5.112925	14
TCAGC	3675305	1.2730362	19.366007	16
GCTTG	3625080	1.270911	15.512959	56
AGCAA	2863380	1.2693107	5.6495733	53
GATGG	3528825	1.2649602	5.255857	5
AATGC	2839475	1.252355	24.690578	24
TCTCG	3628050	1.2503198	6.7844386	38
AGTAA	2191620	1.2308259	6.153366	25
GCATT	2788225	1.2235386	5.070463	44
GAGCG	4284295	1.212226	16.295519	9
TGCCG	4337455	1.2003006	15.033234	26
CTTGA	2735080	1.2002174	5.0604305	1
CAAGC	3419210	1.1903447	6.2826977	51
GAGAC	3338070	1.1822029	19.316301	30
TAGTA	2086945	1.166119	5.143789	22
GAGAT	2588145	1.161255	5.386953	3
CGGGA	4046430	1.144923	5.063519	2
ATGGA	2537300	1.1384419	5.382614	18
TCGGA	3220520	1.1348097	19.406286	3
ATATC	2031640	1.1159095	19.764935	37
AGCGG	3931060	1.1122794	15.963824	10
GGCTT	3056345	1.071519	5.085749	3
CCGAG	3824140	1.0636246	15.289617	28
GATAT	1889595	1.055846	19.75412	36
GTATT	1825155	1.0146868	6.863283	4
CTCGT	2938010	1.0125144	7.4467573	39
ACCGA	2851615	0.99274534	18.409178	33
GCTTC	2863380	0.9867949	5.0744557	4
GACCG	3535050	0.98321867	14.834072	32
GCGGT	3451755	0.97172785	15.753863	11
TTTAG	1736525	0.9654134	6.9265733	7
CGATC	2740535	0.94925475	6.301736	35
GGTAT	2074930	0.9262814	6.1165123	3
CGGTT	2607120	0.91402596	19.273462	12
CCGTC	3354240	0.91243	13.523775	47
GTATG	1944750	0.86816704	22.287045	42
CCGAT	2448335	0.8480437	17.934752	34
TATGC	1921845	0.8433507	21.767029	43
TAACC	1889375	0.81913954	5.327648	9
GCCGT	2914670	0.80657446	13.541906	46
TTAGC	1795840	0.78805673	5.1002364	8
TCGTA	1665020	0.7306499	22.01507	40
CTAAC	1592525	0.6904401	5.1224074	8
CGTCT	1883620	0.64914423	16.552372	48
CGTAT	1439085	0.63150436	21.599443	41
ATCGT	1316855	0.5778669	15.228599	39
TATCG	1293895	0.5677915	15.090079	38
CGATA	985605	0.4347027	15.25064	35
>>END_MODULE
