##FastQC	0.10.1
>>Basic Statistics	pass
#Measure	Value	
Filename	SRR950078__L001_R1_001.fastq	
File type	Conventional base calls	
Encoding	Sanger / Illumina 1.9	
Total Sequences	100387010	
Filtered Sequences	0	
Sequence length	101	
%GC	47	
>>END_MODULE
>>Per base sequence quality	fail
#Base	Mean	Median	Lower Quartile	Upper Quartile	10th Percentile	90th Percentile
1	31.96440196794386	34.0	31.0	34.0	30.0	34.0
2	32.133476472702995	34.0	31.0	34.0	30.0	34.0
3	32.00396332154927	34.0	31.0	34.0	30.0	34.0
4	35.01073155779817	37.0	35.0	37.0	33.0	37.0
5	34.95309902147698	37.0	35.0	37.0	32.0	37.0
6	34.90272624914319	37.0	35.0	37.0	32.0	37.0
7	34.892812775278394	37.0	35.0	37.0	33.0	37.0
8	34.31898676930412	37.0	35.0	37.0	32.0	37.0
9	35.661892280684526	39.0	37.0	39.0	30.0	39.0
10-14	35.93802038929141	39.4	37.2	39.4	31.2	39.4
15-19	36.90814587066593	40.6	38.0	41.0	31.0	41.0
20-24	36.66913438900112	40.0	38.0	41.0	29.6	41.0
25-29	36.45592491498651	40.0	38.0	41.0	29.6	41.0
30-34	36.1304160209573	40.0	37.4	41.0	27.4	41.0
35-39	35.720674505595895	40.0	36.8	41.0	25.6	41.0
40-44	35.22575244346853	40.0	35.8	41.0	23.6	41.0
45-49	34.917504983961564	39.8	35.0	41.0	21.6	41.0
50-54	34.44571381098012	39.0	35.0	41.0	16.6	41.0
55-59	33.7784671502817	38.4	34.0	40.6	9.0	41.0
60-64	32.846149632308006	37.0	33.2	40.0	2.0	41.0
65-69	31.758447785226394	35.6	31.8	39.0	2.0	40.8
70-74	30.566496962106946	35.0	30.6	37.4	2.0	39.8
75-79	29.194268726601184	34.0	29.2	36.0	2.0	38.4
80-84	28.811300326606005	34.0	29.2	35.0	2.0	37.0
85-89	27.901289226564273	34.0	28.0	35.0	2.0	36.0
90-94	26.8991388069034	33.8	25.8	35.0	2.0	35.0
95-99	25.218309261327736	32.8	15.2	35.0	2.0	35.0
100-101	21.72484783140767	29.5	2.0	34.0	2.0	35.0
>>END_MODULE
>>Per sequence quality scores	pass
#Quality	Count
2	2582558.0
3	513043.0
4	2352119.0
5	181141.0
6	172974.0
7	180121.0
8	200106.0
9	356973.0
10	244765.0
11	281930.0
12	320408.0
13	365122.0
14	414452.0
15	455587.0
16	482780.0
17	498332.0
18	514460.0
19	527374.0
20	542561.0
21	566390.0
22	599033.0
23	649454.0
24	722923.0
25	825735.0
26	976138.0
27	1183248.0
28	1306097.0
29	1484462.0
30	1809459.0
31	2252724.0
32	2883931.0
33	3853909.0
34	5483635.0
35	8424215.0
36	1.3918385E7
37	2.0714605E7
38	1.7971836E7
39	3572459.0
40	1566.0
>>END_MODULE
>>Per base sequence content	fail
#Base	G	A	T	C
1	29.527680991597084	12.50884456747548	19.925723119332474	38.03775132159497
2	21.45142514926427	22.502569171512395	33.98842506567477	22.057580613548573
3	26.594945611985345	25.057503356701226	25.35405258651473	22.9934984447987
4	27.200200180293166	31.417331354018796	19.21291787195661	22.169550593731426
5	27.22924554432742	32.01520466824461	21.22725221816885	19.528297569259124
6	21.75964064510967	34.08045550419881	22.122211238708477	22.037692611983044
7	18.36513479116818	16.18069336063224	42.042610967415115	23.411560880784464
8	21.3738870519217	21.899106277922087	27.270893859836555	29.456112810319663
9	21.972918902607187	21.412803278617545	29.65993264060838	26.95434517816689
10-14	23.656903123446412	27.1682209032053	25.31252853373889	23.862347439609394
15-19	23.662836617352735	25.978387987499445	26.50920331827668	23.84957207687114
20-24	23.710659692090644	26.676233120322912	26.316305486828885	23.296801700757563
25-29	23.69882754934566	26.48414908622938	26.187525682207873	23.629497682217085
30-34	23.440209056150547	26.660576449417256	26.40291271567643	23.49630177875577
35-39	23.55205926713226	26.646447785625384	26.30928453845823	23.492208408784126
40-44	23.462183982201058	26.58534526157956	26.579153776802723	23.373316979416668
45-49	23.646482466196307	26.553912433853128	26.584514193420077	23.215090906530484
50-54	23.51982490255287	26.49272727523446	26.411859077339866	23.575588744872803
55-59	23.397883169629036	26.374046430900638	26.76639965074543	23.461670748724895
60-64	23.446683831286368	26.55440204742346	26.702236606219927	23.29667751507025
65-69	23.41324073142874	27.2634192888462	26.20633219842145	23.11700778130361
70-74	23.391151806963624	27.254838270025374	26.288778204807667	23.065231718203343
75-79	23.434311665391732	26.922123366290666	26.457417356550835	23.18614761176677
80-84	23.43044587948665	26.896370543540748	26.46134680317035	23.211836773802254
85-89	23.571437449226636	26.83845179882275	26.32790648115431	23.2622042707963
90-94	23.60252093550831	26.91615016750097	26.225512817898256	23.255816079092465
95-99	23.869087554585228	26.9658002781837	25.980077854624913	23.185034312606163
100-101	24.272500493267916	26.993289252875925	25.483711927865926	23.25049832599023
>>END_MODULE
>>Per base GC content	fail
#Base	%GC
1	67.56543231319205
2	43.50900576281284
3	49.58844405678404
4	49.369750774024595
5	46.75754311358654
6	43.79733325709271
7	41.776695671952645
8	50.82999986224136
9	48.92726408077408
10-14	47.519250563055806
15-19	47.51240869422388
20-24	47.00746139284821
25-29	47.328325231562744
30-34	46.93651083490632
35-39	47.04426767591639
40-44	46.83550096161772
45-49	46.861573372726795
50-54	47.09541364742567
55-59	46.85955391835393
60-64	46.743361346356615
65-69	46.53024851273235
70-74	46.45638352516697
75-79	46.6204592771585
80-84	46.6422826532889
85-89	46.83364172002293
90-94	46.85833701460077
95-99	47.05412186719139
100-101	47.52299881925815
>>END_MODULE
>>Per sequence GC content	pass
#GC Content	Count
0	1255.0
1	2253.0
2	5384.5
3	9974.0
4	14286.5
5	16689.0
6	16564.5
7	14713.5
8	12225.5
9	10184.0
10	8996.5
11	8484.5
12	8590.0
13	9217.5
14	10135.5
15	11716.0
16	14371.5
17	18095.0
18	24310.5
19	34561.5
20	51316.0
21	76053.0
22	112056.0
23	163125.0
24	229681.5
25	314433.0
26	419466.0
27	541959.5
28	679134.0
29	823841.0
30	973363.5
31	1129827.5
32	1285955.5
33	1445676.5
34	1607686.5
35	1786450.5
36	1984129.0
37	2185352.0
38	2379938.5
39	2567061.5
40	2737893.0
41	2901168.0
42	3103263.5
43	3321705.0
44	3481898.0
45	3621630.5
46	3758522.5
47	3830289.5
48	3887909.5
49	3913197.0
50	3911922.0
51	3905594.0
52	3850258.5
53	3759840.0
54	3636259.0
55	3509590.0
56	3346596.5
57	3099519.0
58	2860238.5
59	2632808.5
60	2326649.0
61	1987680.5
62	1637347.5
63	1281007.5
64	971550.0
65	706366.5
66	484190.5
67	319318.0
68	207249.0
69	130636.5
70	81187.0
71	51000.5
72	33384.0
73	23001.5
74	16539.5
75	12195.0
76	9157.0
77	7026.0
78	5307.0
79	4051.5
80	3076.0
81	2387.0
82	1864.5
83	1434.5
84	1147.5
85	933.0
86	705.5
87	551.5
88	468.0
89	381.5
90	303.0
91	240.0
92	204.0
93	159.0
94	127.0
95	92.5
96	54.5
97	26.5
98	12.0
99	6.5
100	2.5
>>END_MODULE
>>Per base N content	pass
#Base	N-Count
1	0.021645230792310677
2	0.03933377435984994
3	0.17262691657018173
4	1.0723847637259043
5	0.05000049309168587
6	0.07274646391002182
7	0.07695019505013646
8	1.4402749917544113
9	1.0678473240711124
10-14	0.11055414440573537
15-19	0.10911471514093309
20-24	0.16046398831880737
25-29	0.13129746567807926
30-34	0.21809176306775152
35-39	0.1462774914802224
40-44	0.1584189030034862
45-49	0.16142945187828586
50-54	0.16551364564000862
55-59	0.16560369713173048
60-64	0.16339783404247224
65-69	0.22072855840611252
70-74	0.16927369387732535
75-79	0.17287475740138092
80-84	0.1708525834169182
85-89	0.16845725358290878
90-94	0.16860926528243048
95-99	0.8694031229737791
100-101	0.10136072386257944
>>END_MODULE
>>Sequence Length Distribution	pass
#Length	Count
101	1.0038701E8
>>END_MODULE
>>Sequence Duplication Levels	fail
#Total Duplicate Percentage	70.767426900318
#Duplication Level	Relative count
1	100.0
2	39.858600992602305
3	21.740487561257297
4	14.600305896307395
5	10.71729562693136
6	8.449605144052189
7	6.895152479945064
8	5.598214564409901
9	4.744514155507694
10++	99.53491275712457
>>END_MODULE
>>Overrepresented sequences	warn
#Sequence	Count	Percentage	Possible Source
GATCGGAAGAGCACACGTCTGAACTCCAGTCACATCACGATCTCGTATGC	343018	0.341695603843565	TruSeq Adapter, Index 1 (100% over 50bp)
AGATCGGAAGAGCACACGTCTGAACTCCAGTCACATCACGATCTCGTATG	195943	0.19518760445201028	TruSeq Adapter, Index 1 (100% over 49bp)
>>END_MODULE
>>Kmer Content	warn
#Sequence	Count	Obs/Exp Overall	Obs/Exp Max	Max Obs/Exp Position
AAAAA	49302305	3.8893113	8.5751095	65-69
TTTTT	42080515	3.4168353	6.520011	2
CTGGG	18905525	2.3932343	6.3405685	1
GAAGA	22790390	2.2679408	5.731483	6
GGAAG	19570810	2.187389	6.1389523	5
CTCCA	18732935	2.1224332	5.758368	6
TCCAG	18529460	2.0939026	6.421607	7
CTGGA	17967435	2.0250947	5.942541	1
GAAAA	21410830	1.8970387	5.1601887	1
CTCAG	15776800	1.7828411	5.038485	1
AAAAT	22436605	1.7802054	5.1676803	3
CTTGG	14584085	1.6532782	5.0811596	1
AAGAG	16608705	1.6527828	5.499945	7
GTTTT	16191735	1.4681356	5.004289	1
GAGCA	12596975	1.4116205	7.100777	9
AGAGC	12485410	1.3991185	6.710242	8
ATCCA	11696705	1.1768469	5.3939996	6
CGGAA	6772715	0.7589523	5.3290887	4
TCGGA	5812715	0.6551463	5.369976	3
GATCG	5429810	0.6119894	5.215659	1
ATCGG	5261295	0.5929962	5.186541	2
>>END_MODULE
