##FastQC	0.10.1
>>Basic Statistics	pass
#Measure	Value	
Filename	SRR950078__L001_R2_001.fastq	
File type	Conventional base calls	
Encoding	Sanger / Illumina 1.9	
Total Sequences	100387010	
Filtered Sequences	0	
Sequence length	101	
%GC	47	
>>END_MODULE
>>Per base sequence quality	pass
#Base	Mean	Median	Lower Quartile	Upper Quartile	10th Percentile	90th Percentile
1	31.834632648188247	34.0	31.0	34.0	30.0	34.0
2	32.13671671265037	34.0	31.0	34.0	30.0	34.0
3	32.23624928165507	34.0	31.0	34.0	30.0	34.0
4	35.57128252948265	37.0	37.0	37.0	33.0	37.0
5	35.579951679007074	37.0	37.0	37.0	33.0	37.0
6	35.5403937023326	37.0	37.0	37.0	33.0	37.0
7	35.55640565447661	37.0	36.0	37.0	35.0	37.0
8	35.55675321936573	37.0	36.0	37.0	35.0	37.0
9	37.22776480741881	39.0	38.0	39.0	34.0	39.0
10-14	37.421718674557596	39.4	38.2	39.4	34.0	39.4
15-19	38.36158755799182	41.0	38.4	41.0	34.0	41.0
20-24	38.236040053389374	41.0	38.6	41.0	34.0	41.0
25-29	38.121811742375826	40.8	38.0	41.0	33.4	41.0
30-34	37.84508014732185	40.0	38.0	41.0	33.0	41.0
35-39	37.56188789167045	40.0	38.0	41.0	32.2	41.0
40-44	37.276311425153516	40.0	37.8	41.0	31.0	41.0
45-49	36.976467688399126	40.0	37.0	41.0	31.0	41.0
50-54	36.12930211189674	39.0	35.8	40.2	29.6	40.8
55-59	36.16296539960698	39.0	35.2	41.0	29.6	41.0
60-64	35.41095702123213	38.0	35.0	40.4	28.4	41.0
65-69	34.461013461801485	36.6	34.2	39.6	27.2	41.0
70-74	33.48679323948387	35.4	34.0	38.4	26.0	40.4
75-79	32.576880341390776	35.0	33.2	36.6	25.0	39.0
80-84	31.703752166739502	35.0	32.6	35.6	23.2	37.2
85-89	30.890202694551817	35.0	31.8	35.0	18.0	36.2
90-94	30.097843792737724	34.4	31.0	35.0	7.0	35.6
95-99	29.246493905934642	34.0	30.8	35.0	2.0	35.0
100-101	26.07268135588459	31.5	24.0	34.5	2.0	35.0
>>END_MODULE
>>Per sequence quality scores	pass
#Quality	Count
2	675226.0
3	184955.0
4	152805.0
5	152585.0
6	191720.0
7	237761.0
8	229870.0
9	225029.0
10	248251.0
11	263583.0
12	268320.0
13	267708.0
14	273833.0
15	279187.0
16	289085.0
17	302187.0
18	320287.0
19	344483.0
20	377273.0
21	422624.0
22	475458.0
23	542991.0
24	636864.0
25	735943.0
26	758459.0
27	880489.0
28	1039549.0
29	1246375.0
30	1519216.0
31	1896656.0
32	2442828.0
33	3259174.0
34	4526875.0
35	6956438.0
36	1.2929285E7
37	2.3881144E7
38	2.5172424E7
39	5776861.0
40	3209.0
>>END_MODULE
>>Per base sequence content	fail
#Base	G	A	T	C
1	28.979329115060427	12.250315200198504	20.165605678904676	38.604750005836394
2	21.732151208957667	22.370268030360407	33.4464439761402	22.451136784541728
3	26.7159932134112	24.876668264325417	25.01686374187284	23.39047478039054
4	27.232407494699945	31.086366628622038	18.942730526650838	22.738495350027186
5	27.139085487516716	32.00786713292813	21.18121356505726	19.671833814497887
6	21.814819180518942	33.95776621521502	21.91102032292495	22.316394281341093
7	18.424654903712025	16.066035137553232	41.9087497423457	23.600560216389045
8	21.08121142815368	21.82051451258197	27.35399787526299	29.744276184001357
9	21.729207481378687	21.449618006280005	29.66332046227405	27.15785405006726
10-14	23.708007103332054	27.030654105854307	25.335645099216514	23.92569369159712
15-19	23.691576505389	25.856482814293297	26.61652296693368	23.835417713384025
20-24	23.824174315098233	26.60418271096796	26.294291143529737	23.27735183040407
25-29	23.6622344333666	26.875239392497207	26.079996167826287	23.38253000630991
30-34	23.530619974632327	26.606508011499358	26.554900127189228	23.307971886679084
35-39	23.351957846052752	26.654206325591968	26.52009567202666	23.473740156328624
40-44	23.76540747968981	26.484071468040266	26.493591973567366	23.25692907870256
45-49	23.46091877963587	26.462060806259473	26.509694687291667	23.56732572681299
50-54	23.27854620656028	26.68290219992296	26.66366358222288	23.374888011293883
55-59	23.112237198444944	26.76632464882993	26.764579778185976	23.35685837453915
60-64	23.049496347691104	27.23600657620257	26.55031106473828	23.164186011368045
65-69	23.204098673330662	27.212278357249303	26.427806579411524	23.15581639000851
70-74	23.279636055724797	27.0420555403285	26.545065645122417	23.13324275882428
75-79	23.352407563117573	26.83891453217629	26.601177443135736	23.2075004615704
80-84	23.35602043890429	26.878959974793187	26.57296191692728	23.19205766937524
85-89	23.52095371979712	26.83133343710266	26.432427473927554	23.215285369172662
90-94	23.56883132972775	26.89859852712463	26.35482332599524	23.17774681715238
95-99	23.86867901920649	26.93223606844171	26.14335469049729	23.05573022185451
100-101	24.485648672191022	26.76261650590176	25.735122121268184	23.016612700639037
>>END_MODULE
>>Per base GC content	fail
#Base	%GC
1	67.58407912089682
2	44.18328799349939
3	50.10646799380174
4	49.97090284472713
5	46.81091930201461
6	44.13121346186003
7	42.02521512010107
8	50.825487612155044
9	48.887061531445944
10-14	47.633700794929176
15-19	47.52699421877302
20-24	47.101526145502305
25-29	47.04476443967651
30-34	46.83859186131141
35-39	46.82569800238137
40-44	47.02233655839237
45-49	47.02824450644886
50-54	46.65343421785416
55-59	46.469095572984095
60-64	46.21368235905915
65-69	46.35991506333917
70-74	46.41287881454908
75-79	46.55990802468797
80-84	46.54807810827953
85-89	46.73623908896978
90-94	46.746578146880125
95-99	46.924409241061
100-101	47.502261372830056
>>END_MODULE
>>Per sequence GC content	pass
#GC Content	Count
0	2106.0
1	2013.0
2	2339.0
3	3235.0
4	4406.5
5	5872.0
6	7153.0
7	7790.5
8	7485.5
9	6531.5
10	5569.5
11	4968.0
12	4855.5
13	5153.0
14	5883.5
15	7190.5
16	9387.0
17	12650.5
18	18284.5
19	28150.5
20	44315.5
21	69156.0
22	105850.5
23	157609.5
24	225600.0
25	312765.5
26	420571.0
27	546211.0
28	686510.0
29	834803.5
30	988020.0
31	1145997.5
32	1302911.5
33	1461969.0
34	1622339.5
35	1800760.5
36	1998564.0
37	2200683.0
38	2397498.5
39	2583673.0
40	2747699.0
41	2904031.5
42	3103883.0
43	3325383.0
44	3486283.5
45	3626445.5
46	3766495.5
47	3836048.0
48	3896683.5
49	3918429.5
50	3912444.0
51	3905885.5
52	3851283.5
53	3762493.0
54	3633093.5
55	3503967.0
56	3343167.5
57	3099879.0
58	2867245.0
59	2653950.5
60	2351190.5
61	2008593.0
62	1656456.5
63	1293283.5
64	975601.0
65	699263.5
66	466032.0
67	295184.0
68	181942.5
69	105734.5
70	57953.5
71	31575.5
72	17857.5
73	10711.0
74	7024.0
75	5035.0
76	3822.0
77	3047.0
78	2484.5
79	2028.0
80	1658.5
81	1379.0
82	1184.5
83	1025.0
84	880.5
85	763.5
86	640.0
87	539.0
88	494.0
89	433.0
90	356.5
91	315.0
92	289.0
93	264.5
94	233.5
95	224.5
96	215.5
97	183.0
98	169.0
99	162.5
100	144.5
>>END_MODULE
>>Per base N content	pass
#Base	N-Count
1	0.06796496877434641
2	0.08342314409005706
3	0.075351382614145
4	0.06423938714779931
5	0.07419386233338357
6	0.06777271282409945
7	0.06338768332675712
8	0.039379597021566834
9	0.0258360120497662
10-14	0.03599390000758067
15-19	0.06280414169124073
20-24	0.07074421282195774
25-29	0.05730721534588987
30-34	0.06333428996440874
35-39	0.061855014906809155
40-44	0.05807922758133746
45-49	0.05987029596757589
50-54	0.06147687833316283
55-59	0.05842967132898968
60-64	0.06212277863440698
65-69	0.06259774048455073
70-74	0.059508496168976445
75-79	0.0586428463204552
80-84	0.09059797677010203
85-89	0.24471712027283213
90-94	0.10439398483927352
95-99	0.10332014072338641
100-101	0.18113847598409397
>>END_MODULE
>>Sequence Length Distribution	pass
#Length	Count
101	1.0038701E8
>>END_MODULE
>>Sequence Duplication Levels	fail
#Total Duplicate Percentage	70.75244665490132
#Duplication Level	Relative count
1	100.0
2	39.195987775252725
3	21.55316981427788
4	14.398558106731448
5	10.720162996630359
6	8.576130397304286
7	6.899145834965911
8	5.6421910508580835
9	4.766084162683176
10++	101.70362824230077
>>END_MODULE
>>Overrepresented sequences	warn
#Sequence	Count	Percentage	Possible Source
AGATCGGAAGAGCGTCGTGTAGGGAAAGAGTGTAGATCTCGGTGGTCGCC	215658	0.2148265995769771	Illumina Single End PCR Primer 1 (100% over 50bp)
GATCGGAAGAGCGTCGTGTAGGGAAAGAGTGTAGATCTCGGTGGTCGCCG	137378	0.13684838307267047	Illumina Single End PCR Primer 1 (100% over 50bp)
>>END_MODULE
>>Kmer Content	warn
#Sequence	Count	Obs/Exp Overall	Obs/Exp Max	Max Obs/Exp Position
AAAAA	46576675	3.6500602	8.081948	60-64
TTTTT	39556580	3.1605015	6.267323	2
CTGGG	18762055	2.3819156	6.4658184	1
CTCCA	18260590	2.0579152	5.843637	6
CCACC	16220690	2.052741	5.1151037	8
CTGGA	18168060	2.0465446	5.971315	1
TCCAG	17977410	2.025535	6.4119115	7
CTCAG	16074470	1.8111289	5.071123	1
GAAAA	20304900	1.7933527	5.1363025	1
AAAAT	22379230	1.7605885	5.084389	3
CTTGG	14529985	1.643081	5.054302	1
AGAGC	12573845	1.410911	5.2345967	8
ATCCA	11956525	1.1953204	5.3878245	6
>>END_MODULE
